1 0.5890625 0.4890625 0.05859375 0.04375
1 0.35546875 0.67734375 0.0609375 0.03671875
1 0.6625 0.684375 0.06875 0.040625
1 0.90859375 0.753125 0.0515625 0.04375
1 0.3953125 0.95078125 0.03984375 0.040625
2 0.2453125 0.87578125 0.04453125 0.0328125
2 0.53125 0.728125 0.05 0.03515625
0 0.25 0.75625 0.09296875 0.0640625
0 0.46328125 0.55546875 0.03125 0.10625
0 0.87421875 0.553125 0.1921875 0.15546875
3 0.54296875 0.61484375 0.01484375 0.01328125
3 0.409375 0.82421875 0.01796875 0.01171875
3 0.81875 0.821875 0.01953125 0.01328125
3 0.2671875 0.53984375 0.015625 0.0140625
3 0.74453125 0.44296875 0.0140625 0.01171875
2 0.78125 0.4 0.04375 0.03515625
0 0.57421875 0.8390625 0.1421875 0.08046875
0 0.82265625 0.7984375 0.09296875 0.08984375
2 0.81484375 0.87109375 0.03984375 0.034375