1 0.410937 0.489063 0.058594 0.043750
1 0.644531 0.677344 0.060937 0.036719
1 0.337500 0.684375 0.068750 0.040625
1 0.091406 0.753125 0.051562 0.043750
1 0.604688 0.950781 0.039844 0.040625
2 0.754687 0.875781 0.044531 0.032813
2 0.468750 0.728125 0.050000 0.035156
0 0.750000 0.756250 0.092969 0.064062
0 0.536719 0.555469 0.031250 0.106250
0 0.125781 0.553125 0.192188 0.155469
3 0.457031 0.614844 0.014844 0.013281
3 0.590625 0.824219 0.017969 0.011719
3 0.181250 0.821875 0.019531 0.013281
3 0.732812 0.539844 0.015625 0.014063
3 0.255469 0.442969 0.014063 0.011719
2 0.218750 0.400000 0.043750 0.035156
0 0.425781 0.839063 0.142187 0.080469
0 0.177344 0.798438 0.092969 0.089844
2 0.185156 0.871094 0.039844 0.034375