1 0.5875 0.4890625 0.06015625 0.04296875
1 0.3609375 0.678125 0.071875 0.05
1 0.6671875 0.6875 0.0421875 0.05
1 0.38671875 0.94921875 0.0546875 0.0421875
2 0.2421875 0.875 0.05703125 0.04140625
2 0.53125 0.7296875 0.05 0.03515625
2 0.815625 0.8734375 0.05625 0.04609375
2 0.78828125 0.40078125 0.06015625 0.03515625
0 0.8703125 0.55234375 0.1890625 0.15859375
2 0.3109375 0.55390625 0.0484375 0.04453125
3 0.26953125 0.540625 0.01640625 0.0109375
3 0.54375 0.615625 0.01484375 0.0109375
3 0.41015625 0.82421875 0.0203125 0.01484375
3 0.81796875 0.81953125 0.015625 0.01015625