1 0.412500 0.489063 0.060156 0.042969
1 0.639062 0.678125 0.071875 0.050000
1 0.332812 0.687500 0.042188 0.050000
1 0.613281 0.949219 0.054688 0.042188
2 0.757812 0.875000 0.057031 0.041406
2 0.468750 0.729688 0.050000 0.035156
2 0.184375 0.873437 0.056250 0.046094
2 0.211719 0.400781 0.060156 0.035156
0 0.129687 0.552344 0.189062 0.158594
2 0.689063 0.553906 0.048438 0.044531
3 0.730469 0.540625 0.016406 0.010937
3 0.456250 0.615625 0.014844 0.010937
3 0.589844 0.824219 0.020313 0.014844
3 0.182031 0.819531 0.015625 0.010156