1 0.417188 0.489844 0.060937 0.042969
1 0.332812 0.690625 0.046875 0.040625
1 0.090625 0.753906 0.047656 0.045312
1 0.607031 0.942969 0.039844 0.047656
2 0.753906 0.877344 0.053906 0.036719
2 0.474219 0.731250 0.042188 0.036719
3 0.590625 0.825000 0.018750 0.013281
3 0.180469 0.819531 0.014844 0.010156
3 0.457031 0.615625 0.016406 0.011719
3 0.254687 0.443750 0.019531 0.016406
2 0.217969 0.402344 0.044531 0.037500
0 0.125781 0.552344 0.189844 0.156250
2 0.190625 0.868750 0.050781 0.046094
3 0.731250 0.540625 0.014063 0.013281
2 0.685937 0.554688 0.050000 0.043750
1 0.645312 0.678906 0.059375 0.040625