1 0.582812 0.510156 0.060937 0.042969
1 0.667188 0.309375 0.046875 0.040625
1 0.909375 0.246094 0.047656 0.045312
1 0.392969 0.057031 0.039844 0.047656
2 0.246094 0.122656 0.053906 0.036719
2 0.525781 0.268750 0.042188 0.036719
3 0.409375 0.175000 0.018750 0.013281
3 0.819531 0.180469 0.014844 0.010156
3 0.542969 0.384375 0.016406 0.011719
3 0.745313 0.556250 0.019531 0.016406
2 0.782031 0.597656 0.044531 0.037500
0 0.874219 0.447656 0.189844 0.156250
2 0.809375 0.131250 0.050781 0.046094
3 0.268750 0.459375 0.014063 0.013281
2 0.314063 0.445312 0.050000 0.043750
1 0.354687 0.321094 0.059375 0.040625