1 0.5828125 0.48984375 0.0609375 0.04296875
1 0.6671875 0.690625 0.046875 0.040625
1 0.909375 0.75390625 0.04765625 0.0453125
1 0.39296875 0.94296875 0.03984375 0.04765625
2 0.24609375 0.87734375 0.05390625 0.03671875
2 0.52578125 0.73125 0.0421875 0.03671875
3 0.409375 0.825 0.01875 0.01328125
3 0.81953125 0.81953125 0.01484375 0.01015625
3 0.54296875 0.615625 0.01640625 0.01171875
3 0.7453125 0.44375 0.01953125 0.01640625
2 0.78203125 0.40234375 0.04453125 0.0375
0 0.87421875 0.55234375 0.18984375 0.15625
2 0.809375 0.86875 0.05078125 0.04609375
3 0.26875 0.540625 0.0140625 0.01328125
2 0.3140625 0.5546875 0.05 0.04375
1 0.3546875 0.67890625 0.059375 0.040625