1 0.58359375 0.48984375 0.06015625 0.03828125
1 0.3609375 0.67734375 0.06953125 0.0484375
1 0.6609375 0.6890625 0.0578125 0.0484375
0 0.25078125 0.75703125 0.0921875 0.0640625
0 0.8703125 0.553125 0.203125 0.15703125
2 0.7859375 0.4015625 0.078125 0.03828125
3 0.54296875 0.615625 0.01796875 0.01328125
3 0.26796875 0.540625 0.01328125 0.01328125
2 0.3140625 0.553125 0.05859375 0.04453125
2 0.53046875 0.72890625 0.04453125 0.0375
2 0.81328125 0.86953125 0.05 0.03125
2 0.2390625 0.87578125 0.046875 0.0359375
3 0.409375 0.825 0.02265625 0.0140625