1 0.58671875 0.48984375 0.05390625 0.03671875
1 0.35625 0.67578125 0.06171875 0.03984375
1 0.66640625 0.6890625 0.04453125 0.04609375
1 0.39375 0.94609375 0.03828125 0.0390625
2 0.24765625 0.8765625 0.04296875 0.03046875
2 0.53046875 0.7328125 0.0453125 0.03359375
2 0.815625 0.86953125 0.04375 0.03203125
2 0.31015625 0.55546875 0.053125 0.040625
2 0.78359375 0.403125 0.04609375 0.03828125
0 0.8734375 0.553125 0.18984375 0.15546875
3 0.26875 0.53984375 0.0171875 0.01328125
3 0.54296875 0.61484375 0.0140625 0.0125
0 0.24921875 0.75703125 0.09296875 0.06484375
3 0.40859375 0.825 0.01796875 0.0140625
3 0.81796875 0.82109375 0.0140625 0.01171875