1 0.413281 0.489844 0.053906 0.036719
1 0.643750 0.675781 0.061719 0.039844
1 0.333594 0.689063 0.044531 0.046094
1 0.606250 0.946094 0.038281 0.039062
2 0.752344 0.876563 0.042969 0.030469
2 0.469531 0.732812 0.045312 0.033594
2 0.184375 0.869531 0.043750 0.032031
2 0.689844 0.555469 0.053125 0.040625
2 0.216406 0.403125 0.046094 0.038281
0 0.126563 0.553125 0.189844 0.155469
3 0.731250 0.539844 0.017188 0.013281
3 0.457031 0.614844 0.014063 0.012500
0 0.750781 0.757031 0.092969 0.064844
3 0.591406 0.825000 0.017969 0.014063
3 0.182031 0.821094 0.014063 0.011719