1 0.359375 0.68046875 0.06484375 0.0390625
1 0.5875 0.49296875 0.053125 0.04140625
1 0.66875 0.6921875 0.05234375 0.04453125
1 0.8046875 0.8734375 0.05 0.04765625
1 0.390625 0.9453125 0.0546875 0.0484375
2 0.2453125 0.8765625 0.05546875 0.040625
0 0.58125 0.8390625 0.15 0.08984375
0 0.87265625 0.55390625 0.1859375 0.15625
3 0.409375 0.82578125 0.0171875 0.01640625
3 0.5421875 0.615625 0.01875 0.015625
3 0.26875 0.540625 0.02109375 0.015625
3 0.7453125 0.44375 0.02109375 0.015625
3 0.81875 0.821875 0.015625 0.0125