1 0.58359375 0.490625 0.06171875 0.03671875
1 0.35625 0.6796875 0.06328125 0.0328125
1 0.66328125 0.68828125 0.0546875 0.04609375
1 0.90234375 0.75390625 0.05703125 0.04375
1 0.3875 0.9453125 0.0578125 0.0515625
2 0.5359375 0.734375 0.053125 0.04140625
2 0.2453125 0.875 0.059375 0.04140625
2 0.81328125 0.86875 0.0390625 0.03359375
3 0.81796875 0.8203125 0.01796875 0.015625
3 0.41015625 0.82578125 0.0171875 0.01640625
0 0.24921875 0.75703125 0.0921875 0.0671875
0 0.87421875 0.553125 0.18828125 0.15625
3 0.54453125 0.61640625 0.01796875 0.0140625
3 0.26875 0.540625 0.01875 0.015625
3 0.7453125 0.44375 0.0171875 0.0140625
2 0.7859375 0.4 0.0484375 0.04140625
2 0.3140625 0.55546875 0.0453125 0.0421875