1 0.416406 0.490625 0.061719 0.036719
1 0.643750 0.679688 0.063281 0.032813
1 0.336719 0.688281 0.054688 0.046094
1 0.097656 0.753906 0.057031 0.043750
1 0.612500 0.945312 0.057813 0.051562
2 0.464063 0.734375 0.053125 0.041406
2 0.754687 0.875000 0.059375 0.041406
2 0.186719 0.868750 0.039062 0.033594
3 0.182031 0.820312 0.017969 0.015625
3 0.589844 0.825781 0.017188 0.016406
0 0.750781 0.757031 0.092188 0.067187
0 0.125781 0.553125 0.188281 0.156250
3 0.455469 0.616406 0.017969 0.014063
3 0.731250 0.540625 0.018750 0.015625
3 0.254687 0.443750 0.017188 0.014063
2 0.214063 0.400000 0.048438 0.041406
2 0.685937 0.555469 0.045312 0.042188