1 0.5890625 0.4859375 0.07265625 0.03984375
1 0.65859375 0.68671875 0.0578125 0.0546875
2 0.53203125 0.73125 0.05390625 0.03671875
2 0.240625 0.8734375 0.05390625 0.05078125
2 0.809375 0.871875 0.04453125 0.03203125
2 0.7828125 0.40234375 0.04765625 0.0421875
2 0.3125 0.55234375 0.05 0.0421875
3 0.26796875 0.53984375 0.0140625 0.015625
3 0.41015625 0.825 0.0171875 0.015625
0 0.8734375 0.55390625 0.18671875 0.15546875
0 0.24921875 0.75703125 0.0921875 0.0640625
0 0.5734375 0.83984375 0.140625 0.0859375