1 0.58515625 0.48984375 0.0609375 0.0421875
1 0.36171875 0.678125 0.0640625 0.040625
1 0.6609375 0.6875 0.05390625 0.04453125
0 0.2515625 0.7546875 0.0953125 0.0640625
0 0.57578125 0.8390625 0.13828125 0.08125
0 0.8734375 0.55390625 0.190625 0.15703125
3 0.5421875 0.61484375 0.01875 0.0140625
3 0.26796875 0.53984375 0.01640625 0.01328125
2 0.784375 0.40078125 0.05 0.034375
2 0.53046875 0.73125 0.046875 0.0390625
2 0.246875 0.875 0.04375 0.0375
2 0.8140625 0.86953125 0.0390625 0.0375
3 0.40859375 0.82421875 0.0140625 0.0125
2 0.31171875 0.5546875 0.04609375 0.04453125