1 0.585156 0.510156 0.060937 0.042188
1 0.361719 0.321875 0.064062 0.040625
1 0.660937 0.312500 0.053906 0.044531
0 0.251563 0.245313 0.095312 0.064062
0 0.575781 0.160937 0.138281 0.081250
0 0.873437 0.446094 0.190625 0.157031
3 0.542188 0.385156 0.018750 0.014063
3 0.267969 0.460156 0.016406 0.013281
2 0.784375 0.599219 0.050000 0.034375
2 0.530469 0.268750 0.046875 0.039062
2 0.246875 0.125000 0.043750 0.037500
2 0.814063 0.130469 0.039062 0.037500
3 0.408594 0.175781 0.014063 0.012500
2 0.311719 0.445312 0.046094 0.044531