1 0.414844 0.489844 0.060937 0.042188
1 0.638281 0.678125 0.064062 0.040625
1 0.339063 0.687500 0.053906 0.044531
0 0.748437 0.754687 0.095312 0.064062
0 0.424219 0.839063 0.138281 0.081250
0 0.126563 0.553906 0.190625 0.157031
3 0.457812 0.614844 0.018750 0.014063
3 0.732031 0.539844 0.016406 0.013281
2 0.215625 0.400781 0.050000 0.034375
2 0.469531 0.731250 0.046875 0.039062
2 0.753125 0.875000 0.043750 0.037500
2 0.185937 0.869531 0.039062 0.037500
3 0.591406 0.824219 0.014063 0.012500
2 0.688281 0.554688 0.046094 0.044531