1 0.586719 0.509375 0.055469 0.038281
1 0.360938 0.321094 0.068750 0.040625
1 0.663281 0.310937 0.064062 0.060156
1 0.385937 0.055469 0.050781 0.046094
2 0.248438 0.125000 0.044531 0.035156
2 0.525000 0.271094 0.058594 0.042188
2 0.812500 0.129687 0.039844 0.030469
2 0.313281 0.445312 0.046094 0.041406
2 0.784375 0.600000 0.046094 0.035156
3 0.269531 0.458594 0.017969 0.014844
3 0.543750 0.384375 0.011719 0.010937
3 0.409375 0.174219 0.011719 0.011719
0 0.249219 0.242188 0.090625 0.064844
0 0.574219 0.160937 0.136719 0.081250
0 0.873437 0.447656 0.189844 0.158594
3 0.819531 0.179688 0.014063 0.010937