1 0.413281 0.490625 0.055469 0.038281
1 0.639062 0.678906 0.068750 0.040625
1 0.336719 0.689063 0.064062 0.060156
1 0.614062 0.944531 0.050781 0.046094
2 0.751563 0.875000 0.044531 0.035156
2 0.475000 0.728906 0.058594 0.042188
2 0.187500 0.870313 0.039844 0.030469
2 0.686719 0.554688 0.046094 0.041406
2 0.215625 0.400000 0.046094 0.035156
3 0.730469 0.541406 0.017969 0.014844
3 0.456250 0.615625 0.011719 0.010937
3 0.590625 0.825781 0.011719 0.011719
0 0.750781 0.757812 0.090625 0.064844
0 0.425781 0.839063 0.136719 0.081250
0 0.126563 0.552344 0.189844 0.158594
3 0.180469 0.820312 0.014063 0.010937