1 0.58671875 0.490625 0.05546875 0.03828125
1 0.3609375 0.67890625 0.06875 0.040625
1 0.66328125 0.6890625 0.0640625 0.06015625
1 0.3859375 0.94453125 0.05078125 0.04609375
2 0.2484375 0.875 0.04453125 0.03515625
2 0.525 0.72890625 0.05859375 0.0421875
2 0.8125 0.8703125 0.03984375 0.03046875
2 0.31328125 0.5546875 0.04609375 0.04140625
2 0.784375 0.4 0.04609375 0.03515625
3 0.26953125 0.54140625 0.01796875 0.01484375
3 0.54375 0.615625 0.01171875 0.0109375
3 0.409375 0.82578125 0.01171875 0.01171875
0 0.24921875 0.7578125 0.090625 0.06484375
0 0.57421875 0.8390625 0.13671875 0.08125
0 0.8734375 0.55234375 0.18984375 0.15859375
3 0.81953125 0.8203125 0.0140625 0.0109375