1 0.413281 0.492188 0.056250 0.039062
1 0.643750 0.677344 0.063281 0.042188
1 0.335938 0.689063 0.063281 0.057031
1 0.090625 0.754687 0.063281 0.058594
1 0.606250 0.948438 0.067969 0.047656
2 0.756250 0.877344 0.046875 0.035937
2 0.475781 0.730469 0.051562 0.042188
2 0.185156 0.871094 0.041406 0.035937
2 0.687500 0.555469 0.046875 0.040625
2 0.215625 0.401562 0.050000 0.038281
3 0.253125 0.442969 0.017188 0.012500
3 0.729688 0.539844 0.015625 0.014844
3 0.456250 0.614062 0.018750 0.014844
3 0.589844 0.825000 0.015625 0.017188
3 0.181250 0.820312 0.015625 0.014063
0 0.424219 0.841406 0.157812 0.092188
0 0.750000 0.757812 0.092969 0.066406
0 0.126563 0.552344 0.187500 0.155469