1 0.58671875 0.4921875 0.05625 0.0390625
1 0.35625 0.67734375 0.06328125 0.0421875
1 0.6640625 0.6890625 0.06328125 0.05703125
1 0.909375 0.7546875 0.06328125 0.05859375
1 0.39375 0.9484375 0.06796875 0.04765625
2 0.24375 0.87734375 0.046875 0.0359375
2 0.52421875 0.73046875 0.0515625 0.0421875
2 0.81484375 0.87109375 0.04140625 0.0359375
2 0.3125 0.55546875 0.046875 0.040625
2 0.784375 0.4015625 0.05 0.03828125
3 0.746875 0.44296875 0.0171875 0.0125
3 0.2703125 0.53984375 0.015625 0.01484375
3 0.54375 0.6140625 0.01875 0.01484375
3 0.41015625 0.825 0.015625 0.0171875
3 0.81875 0.8203125 0.015625 0.0140625
0 0.57578125 0.84140625 0.1578125 0.0921875
0 0.25 0.7578125 0.09296875 0.06640625
0 0.8734375 0.55234375 0.1875 0.15546875