1 0.584375 0.48984375 0.05546875 0.040625
1 0.6625 0.6890625 0.046875 0.04609375
2 0.52890625 0.73046875 0.04609375 0.0359375
2 0.24609375 0.87578125 0.04453125 0.034375
2 0.31171875 0.55546875 0.04765625 0.04453125
2 0.8140625 0.8703125 0.04140625 0.0328125
0 0.5734375 0.8390625 0.1359375 0.08046875
0 0.25 0.7578125 0.09140625 0.0640625
0 0.46328125 0.55390625 0.03046875 0.10625
0 0.87421875 0.553125 0.190625 0.15703125
2 0.7828125 0.40546875 0.04765625 0.0375
3 0.26796875 0.53984375 0.0140625 0.0125
3 0.41015625 0.825 0.0125 0.01171875