1 0.413281 0.486719 0.055469 0.042969
1 0.644531 0.678906 0.066406 0.038281
1 0.335938 0.687500 0.045312 0.046094
0 0.750000 0.757812 0.092969 0.064844
0 0.535156 0.557813 0.042188 0.114844
0 0.123437 0.553125 0.191406 0.156250
3 0.457031 0.614844 0.013281 0.013281
3 0.589844 0.825781 0.013281 0.013281
0 0.424219 0.835938 0.157812 0.103125
2 0.757031 0.875781 0.039062 0.029687
2 0.470313 0.731250 0.049219 0.034375
2 0.185156 0.868750 0.038281 0.031250
2 0.214844 0.401562 0.047656 0.039062
2 0.690625 0.553906 0.049219 0.042188
3 0.731250 0.539844 0.014063 0.014063