1 0.586719 0.513281 0.055469 0.042969
1 0.355469 0.321094 0.066406 0.038281
1 0.664062 0.312500 0.045312 0.046094
0 0.250000 0.242188 0.092969 0.064844
0 0.464844 0.442187 0.042188 0.114844
0 0.876563 0.446875 0.191406 0.156250
3 0.542969 0.385156 0.013281 0.013281
3 0.410156 0.174219 0.013281 0.013281
0 0.575781 0.164062 0.157812 0.103125
2 0.242969 0.124219 0.039062 0.029687
2 0.529687 0.268750 0.049219 0.034375
2 0.814844 0.131250 0.038281 0.031250
2 0.785156 0.598437 0.047656 0.039062
2 0.309375 0.446094 0.049219 0.042188
3 0.268750 0.460156 0.014063 0.014063