1 0.58671875 0.48671875 0.05546875 0.04296875
1 0.35546875 0.67890625 0.06640625 0.03828125
1 0.6640625 0.6875 0.0453125 0.04609375
0 0.25 0.7578125 0.09296875 0.06484375
0 0.46484375 0.5578125 0.0421875 0.11484375
0 0.8765625 0.553125 0.19140625 0.15625
3 0.54296875 0.61484375 0.01328125 0.01328125
3 0.41015625 0.82578125 0.01328125 0.01328125
0 0.57578125 0.8359375 0.1578125 0.103125
2 0.24296875 0.87578125 0.0390625 0.0296875
2 0.5296875 0.73125 0.04921875 0.034375
2 0.81484375 0.86875 0.03828125 0.03125
2 0.78515625 0.4015625 0.04765625 0.0390625
2 0.309375 0.55390625 0.04921875 0.0421875
3 0.26875 0.53984375 0.0140625 0.0140625