1 0.414844 0.489844 0.061719 0.040625
1 0.642969 0.677344 0.063281 0.036719
1 0.335156 0.686719 0.046875 0.045312
1 0.614844 0.941406 0.067969 0.057813
2 0.755469 0.876563 0.039062 0.031250
2 0.184375 0.870313 0.039844 0.031250
2 0.466406 0.731250 0.053906 0.031250
0 0.535937 0.555469 0.032813 0.109375
0 0.124219 0.553125 0.193750 0.157812
0 0.751563 0.757031 0.090625 0.065625
0 0.425781 0.838281 0.138281 0.084375
2 0.214844 0.400781 0.050000 0.039062
2 0.687500 0.554688 0.045312 0.041406
3 0.732031 0.539844 0.014844 0.011719
3 0.590625 0.825000 0.014063 0.014063
3 0.181250 0.820312 0.014063 0.010937
3 0.457031 0.615625 0.014063 0.011719