1 0.585156 0.510156 0.061719 0.040625
1 0.357031 0.322656 0.063281 0.036719
1 0.664844 0.313281 0.046875 0.045312
1 0.385156 0.058594 0.067969 0.057813
2 0.244531 0.123437 0.039062 0.031250
2 0.815625 0.129687 0.039844 0.031250
2 0.533594 0.268750 0.053906 0.031250
0 0.464062 0.444531 0.032813 0.109375
0 0.875781 0.446875 0.193750 0.157812
0 0.248438 0.242969 0.090625 0.065625
0 0.574219 0.161719 0.138281 0.084375
2 0.785156 0.599219 0.050000 0.039062
2 0.312500 0.445312 0.045312 0.041406
3 0.267969 0.460156 0.014844 0.011719
3 0.409375 0.175000 0.014063 0.014063
3 0.818750 0.179688 0.014063 0.010937
3 0.542969 0.384375 0.014063 0.011719