1 0.58515625 0.48984375 0.06171875 0.040625
1 0.35703125 0.67734375 0.06328125 0.03671875
1 0.66484375 0.68671875 0.046875 0.0453125
1 0.38515625 0.94140625 0.06796875 0.0578125
2 0.24453125 0.8765625 0.0390625 0.03125
2 0.815625 0.8703125 0.03984375 0.03125
2 0.53359375 0.73125 0.05390625 0.03125
0 0.4640625 0.55546875 0.0328125 0.109375
0 0.87578125 0.553125 0.19375 0.1578125
0 0.2484375 0.75703125 0.090625 0.065625
0 0.57421875 0.83828125 0.13828125 0.084375
2 0.78515625 0.40078125 0.05 0.0390625
2 0.3125 0.5546875 0.0453125 0.04140625
3 0.26796875 0.53984375 0.01484375 0.01171875
3 0.409375 0.825 0.0140625 0.0140625
3 0.81875 0.8203125 0.0140625 0.0109375
3 0.54296875 0.615625 0.0140625 0.01171875