1 0.5921875 0.490625 0.06640625 0.04453125
1 0.35703125 0.67890625 0.065625 0.04140625
1 0.6671875 0.68984375 0.05 0.0453125
1 0.903125 0.753125 0.05859375 0.05546875
1 0.38828125 0.94296875 0.059375 0.0515625
2 0.24375 0.878125 0.0578125 0.03984375
2 0.528125 0.72890625 0.05078125 0.0421875
2 0.8140625 0.86953125 0.04140625 0.0328125
0 0.57578125 0.8375 0.1375 0.08046875
0 0.25 0.7578125 0.0921875 0.065625
0 0.46328125 0.55546875 0.03203125 0.10703125
0 0.8734375 0.55234375 0.18515625 0.15625
3 0.74609375 0.44375 0.0171875 0.015625
3 0.54296875 0.61484375 0.01328125 0.0125
3 0.409375 0.82578125 0.01484375 0.015625
3 0.81875 0.8203125 0.01484375 0.0140625
2 0.78359375 0.403125 0.0453125 0.0359375
3 0.2671875 0.53984375 0.015625 0.01328125
2 0.31328125 0.55390625 0.04375 0.04375
3 0.9921875 0.7921875 0.00859375 0.0109375