1 0.407813 0.490625 0.066406 0.044531
1 0.642969 0.678906 0.065625 0.041406
1 0.332812 0.689844 0.050000 0.045312
1 0.096875 0.753125 0.058594 0.055469
1 0.611719 0.942969 0.059375 0.051562
2 0.756250 0.878125 0.057813 0.039844
2 0.471875 0.728906 0.050781 0.042188
2 0.185937 0.869531 0.041406 0.032813
0 0.424219 0.837500 0.137500 0.080469
0 0.750000 0.757812 0.092188 0.065625
0 0.536719 0.555469 0.032031 0.107031
0 0.126563 0.552344 0.185156 0.156250
3 0.253906 0.443750 0.017188 0.015625
3 0.457031 0.614844 0.013281 0.012500
3 0.590625 0.825781 0.014844 0.015625
3 0.181250 0.820312 0.014844 0.014063
2 0.216406 0.403125 0.045312 0.035937
3 0.732812 0.539844 0.015625 0.013281
2 0.686719 0.553906 0.043750 0.043750
3 0.007812 0.792188 0.008594 0.010937