0 0.465625 0.55546875 0.03203125 0.10703125
0 0.87578125 0.55390625 0.1921875 0.15703125
2 0.7875 0.4015625 0.0546875 0.034375
2 0.53359375 0.734375 0.04140625 0.03671875
2 0.81640625 0.86875 0.0421875 0.03359375
0 0.8234375 0.79765625 0.09453125 0.09140625
0 0.578125 0.83671875 0.14765625 0.0859375
3 0.41171875 0.82578125 0.01796875 0.01640625
2 0.31484375 0.5546875 0.046875 0.0421875
0 0.25 0.75703125 0.09140625 0.06640625
2 0.2484375 0.8765625 0.046875 0.03203125
1 0.665625 0.68984375 0.05078125 0.04609375