2 0.685937 0.554688 0.046875 0.046094
2 0.476562 0.732812 0.050781 0.037500
2 0.754687 0.875781 0.049219 0.032813
2 0.185937 0.869531 0.040625 0.029687
0 0.175000 0.798438 0.088281 0.089063
0 0.750000 0.757031 0.090625 0.064844
0 0.535156 0.553906 0.030469 0.109375
0 0.127344 0.553125 0.189844 0.158594
2 0.216406 0.400000 0.047656 0.041406
1 0.413281 0.490625 0.062500 0.039062
1 0.337500 0.688281 0.049219 0.042969
3 0.730469 0.539844 0.018750 0.016406
3 0.589844 0.826562 0.018750 0.012500
0 0.428125 0.839844 0.139844 0.080469