2 0.3140625 0.5546875 0.046875 0.04609375
2 0.5234375 0.7328125 0.05078125 0.0375
2 0.2453125 0.87578125 0.04921875 0.0328125
2 0.8140625 0.86953125 0.040625 0.0296875
0 0.825 0.7984375 0.08828125 0.0890625
0 0.25 0.75703125 0.090625 0.06484375
0 0.46484375 0.55390625 0.03046875 0.109375
0 0.87265625 0.553125 0.18984375 0.15859375
2 0.78359375 0.4 0.04765625 0.04140625
1 0.58671875 0.490625 0.0625 0.0390625
1 0.6625 0.68828125 0.04921875 0.04296875
3 0.26953125 0.53984375 0.01875 0.01640625
3 0.41015625 0.8265625 0.01875 0.0125
0 0.571875 0.83984375 0.13984375 0.08046875