2 0.314063 0.445312 0.046875 0.046094
2 0.523438 0.267188 0.050781 0.037500
2 0.245312 0.124219 0.049219 0.032813
2 0.814063 0.130469 0.040625 0.029687
0 0.825000 0.201562 0.088281 0.089063
0 0.250000 0.242969 0.090625 0.064844
0 0.464844 0.446094 0.030469 0.109375
0 0.872656 0.446875 0.189844 0.158594
2 0.783594 0.600000 0.047656 0.041406
1 0.586719 0.509375 0.062500 0.039062
1 0.662500 0.311719 0.049219 0.042969
3 0.269531 0.460156 0.018750 0.016406
3 0.410156 0.173438 0.018750 0.012500
0 0.571875 0.160156 0.139844 0.080469