1 0.58203125 0.490625 0.0625 0.0390625
1 0.35546875 0.67734375 0.06171875 0.03671875
1 0.6640625 0.6890625 0.053125 0.0453125
3 0.54296875 0.61484375 0.01328125 0.0109375
3 0.26796875 0.5390625 0.0140625 0.0140625
3 0.409375 0.825 0.01796875 0.0140625
0 0.46484375 0.55546875 0.03046875 0.10703125
0 0.87265625 0.55234375 0.19140625 0.15546875
2 0.3125 0.55546875 0.04609375 0.040625
2 0.52890625 0.73125 0.0640625 0.03984375
2 0.8140625 0.86953125 0.040625 0.03203125
2 0.2484375 0.875 0.05546875 0.0375
0 0.57421875 0.83984375 0.1359375 0.084375
0 0.25 0.75546875 0.09296875 0.0640625
0 0.8234375 0.8 0.09609375 0.08828125
2 0.775 0.4 0.05234375 0.04453125