1 0.417969 0.490625 0.062500 0.039062
1 0.644531 0.677344 0.061719 0.036719
1 0.335938 0.689063 0.053125 0.045312
3 0.457031 0.614844 0.013281 0.010937
3 0.732031 0.539062 0.014063 0.014063
3 0.590625 0.825000 0.017969 0.014063
0 0.535156 0.555469 0.030469 0.107031
0 0.127344 0.552344 0.191406 0.155469
2 0.687500 0.555469 0.046094 0.040625
2 0.471094 0.731250 0.064062 0.039844
2 0.185937 0.869531 0.040625 0.032031
2 0.751563 0.875000 0.055469 0.037500
0 0.425781 0.839844 0.135937 0.084375
0 0.750000 0.755469 0.092969 0.064062
0 0.176562 0.800000 0.096094 0.088281
2 0.225000 0.400000 0.052344 0.044531