1 0.582031 0.509375 0.062500 0.039062
1 0.355469 0.322656 0.061719 0.036719
1 0.664062 0.310937 0.053125 0.045312
3 0.542969 0.385156 0.013281 0.010937
3 0.267969 0.460938 0.014063 0.014063
3 0.409375 0.175000 0.017969 0.014063
0 0.464844 0.444531 0.030469 0.107031
0 0.872656 0.447656 0.191406 0.155469
2 0.312500 0.444531 0.046094 0.040625
2 0.528906 0.268750 0.064062 0.039844
2 0.814063 0.130469 0.040625 0.032031
2 0.248438 0.125000 0.055469 0.037500
0 0.574219 0.160156 0.135937 0.084375
0 0.250000 0.244531 0.092969 0.064062
0 0.823438 0.200000 0.096094 0.088281
2 0.775000 0.600000 0.052344 0.044531