0 0.176562 0.797656 0.089063 0.089063
1 0.417188 0.489844 0.061719 0.037500
1 0.643750 0.677344 0.063281 0.035937
0 0.535156 0.555469 0.032813 0.107031
2 0.686719 0.554688 0.050000 0.044531
3 0.732812 0.539844 0.017188 0.014844
3 0.457031 0.615625 0.016406 0.014844
3 0.590625 0.825781 0.013281 0.012500
2 0.756250 0.876563 0.042188 0.037500
0 0.750000 0.757812 0.092969 0.064844
0 0.423438 0.839844 0.139844 0.089063
0 0.128906 0.553906 0.183594 0.153906
1 0.337500 0.689063 0.052344 0.047656
2 0.469531 0.729688 0.046875 0.037500
2 0.215625 0.401562 0.047656 0.039844
2 0.184375 0.871094 0.042969 0.032813
3 0.181250 0.821875 0.014063 0.013281
1 0.606250 0.947656 0.063281 0.048438