0 0.8234375 0.79765625 0.0890625 0.0890625
1 0.5828125 0.48984375 0.06171875 0.0375
1 0.35625 0.67734375 0.06328125 0.0359375
0 0.46484375 0.55546875 0.0328125 0.10703125
2 0.31328125 0.5546875 0.05 0.04453125
3 0.2671875 0.53984375 0.0171875 0.01484375
3 0.54296875 0.615625 0.01640625 0.01484375
3 0.409375 0.82578125 0.01328125 0.0125
2 0.24375 0.8765625 0.0421875 0.0375
0 0.25 0.7578125 0.09296875 0.06484375
0 0.5765625 0.83984375 0.13984375 0.0890625
0 0.87109375 0.55390625 0.18359375 0.15390625
1 0.6625 0.6890625 0.05234375 0.04765625
2 0.53046875 0.7296875 0.046875 0.0375
2 0.784375 0.4015625 0.04765625 0.03984375
2 0.815625 0.87109375 0.04296875 0.0328125
3 0.81875 0.821875 0.0140625 0.01328125
1 0.39375 0.94765625 0.06328125 0.0484375