0 0.46484375 0.553125 0.03046875 0.1078125
0 0.8765625 0.553125 0.190625 0.1578125
0 0.25 0.7578125 0.09296875 0.0640625
0 0.5765625 0.83671875 0.1375 0.078125
0 0.82265625 0.796875 0.08984375 0.08828125
1 0.35625 0.6765625 0.06015625 0.0359375
1 0.6640625 0.6875 0.046875 0.04609375
1 0.90703125 0.75546875 0.04765625 0.0421875
3 0.81796875 0.82109375 0.015625 0.015625
3 0.41015625 0.825 0.01484375 0.0125
3 0.5421875 0.615625 0.0140625 0.01328125
3 0.26875 0.540625 0.01484375 0.0140625
3 0.7453125 0.44296875 0.01953125 0.015625
1 0.584375 0.48828125 0.05859375 0.0421875
2 0.3125 0.5546875 0.04375 0.0390625
2 0.53125 0.7328125 0.05 0.03125
2 0.7828125 0.40234375 0.0421875 0.0390625
2 0.81484375 0.8703125 0.040625 0.0328125
2 0.246875 0.8765625 0.05625 0.034375
1 0.3859375 0.94453125 0.053125 0.053125