0 0.535156 0.553125 0.030469 0.107813
0 0.123437 0.553125 0.190625 0.157812
0 0.750000 0.757812 0.092969 0.064062
0 0.423438 0.836719 0.137500 0.078125
0 0.177344 0.796875 0.089844 0.088281
1 0.643750 0.676562 0.060156 0.035937
1 0.335938 0.687500 0.046875 0.046094
1 0.092969 0.755469 0.047656 0.042188
3 0.182031 0.821094 0.015625 0.015625
3 0.589844 0.825000 0.014844 0.012500
3 0.457812 0.615625 0.014063 0.013281
3 0.731250 0.540625 0.014844 0.014063
3 0.254687 0.442969 0.019531 0.015625
1 0.415625 0.488281 0.058594 0.042188
2 0.687500 0.554688 0.043750 0.039062
2 0.468750 0.732812 0.050000 0.031250
2 0.217187 0.402344 0.042188 0.039062
2 0.185156 0.870313 0.040625 0.032813
2 0.753125 0.876563 0.056250 0.034375
1 0.614062 0.944531 0.053125 0.053125