1 0.47421875 0.5140625 0.05234375 0.04140625
1 0.82578125 0.5265625 0.04296875 0.03984375
1 0.64609375 0.68828125 0.05 0.03828125
1 0.1890625 0.696875 0.05 0.0421875
3 0.240625 0.6578125 0.0140625 0.01171875
3 0.56015625 0.625 0.01484375 0.0125
3 0.87578125 0.65078125 0.01484375 0.01328125
2 0.95546875 0.5421875 0.04375 0.02578125
0 0.69375 0.4359375 0.0984375 0.1875
3 0.5 0.41953125 0.015625 0.01171875
3 0.46796875 0.8984375 0.01328125 0.015625
1 0.72421875 0.8671875 0.05 0.03984375
2 0.8109375 0.9328125 0.05078125 0.03671875