1 0.4765625 0.5140625 0.0578125 0.0359375
1 0.65 0.69140625 0.046875 0.0375
1 0.821875 0.52421875 0.0515625 0.04921875
0 0.69453125 0.43515625 0.09609375 0.1875
1 0.18828125 0.6984375 0.04921875 0.040625
1 0.72578125 0.8640625 0.0484375 0.04609375
2 0.81328125 0.93359375 0.0453125 0.03671875
3 0.46796875 0.89921875 0.0140625 0.01484375
3 0.875 0.65 0.015625 0.0140625
3 0.56015625 0.62421875 0.015625 0.01484375
2 0.5109375 0.7140625 0.06171875 0.03203125
2 0.95703125 0.54296875 0.04375 0.028125
3 0.50078125 0.41953125 0.0140625 0.01484375
3 0.23984375 0.659375 0.01171875 0.009375