1 0.523438 0.514062 0.057813 0.035937
1 0.350000 0.691406 0.046875 0.037500
1 0.178125 0.524219 0.051562 0.049219
0 0.305469 0.435156 0.096094 0.187500
1 0.811719 0.698438 0.049219 0.040625
1 0.274219 0.864062 0.048438 0.046094
2 0.186719 0.933594 0.045312 0.036719
3 0.532031 0.899219 0.014063 0.014844
3 0.125000 0.650000 0.015625 0.014063
3 0.439844 0.624219 0.015625 0.014844
2 0.489062 0.714063 0.061719 0.032031
2 0.042969 0.542969 0.043750 0.028125
3 0.499219 0.419531 0.014063 0.014844
3 0.760156 0.659375 0.011719 0.009375