1 0.476562 0.485938 0.057813 0.035937
1 0.650000 0.308594 0.046875 0.037500
1 0.821875 0.475781 0.051562 0.049219
0 0.694531 0.564844 0.096094 0.187500
1 0.188281 0.301562 0.049219 0.040625
1 0.725781 0.135938 0.048438 0.046094
2 0.813281 0.066406 0.045312 0.036719
3 0.467969 0.100781 0.014063 0.014844
3 0.875000 0.350000 0.015625 0.014063
3 0.560156 0.375781 0.015625 0.014844
2 0.510938 0.285937 0.061719 0.032031
2 0.957031 0.457031 0.043750 0.028125
3 0.500781 0.580469 0.014063 0.014844
3 0.239844 0.340625 0.011719 0.009375