2 0.31015625 0.43828125 0.0484375 0.03984375
1 0.4765625 0.51328125 0.0578125 0.0375
1 0.82578125 0.525 0.0453125 0.04453125
1 0.64921875 0.68828125 0.04609375 0.040625
1 0.18984375 0.696875 0.05078125 0.046875
2 0.8109375 0.93125 0.05390625 0.04140625
2 0.51484375 0.71484375 0.0453125 0.040625
2 0.95390625 0.5421875 0.04609375 0.02578125
0 0.6953125 0.43671875 0.09609375 0.18671875
3 0.5 0.4203125 0.0171875 0.01171875
3 0.559375 0.62421875 0.01640625 0.01328125
3 0.240625 0.659375 0.01484375 0.0125
3 0.46875 0.8984375 0.0140625 0.01328125