1 0.475 0.51171875 0.0546875 0.04140625
1 0.82421875 0.52265625 0.0453125 0.04765625
1 0.6453125 0.68984375 0.05234375 0.040625
1 0.18828125 0.696875 0.04921875 0.04140625
1 0.725 0.865625 0.0484375 0.0421875
2 0.8109375 0.93046875 0.04765625 0.0375
2 0.51171875 0.7140625 0.04453125 0.034375
2 0.309375 0.4390625 0.0484375 0.0390625
0 0.69375 0.4359375 0.09765625 0.18828125
3 0.5 0.41953125 0.01640625 0.0125
3 0.23984375 0.66015625 0.01328125 0.01171875
3 0.56015625 0.62421875 0.0171875 0.015625
3 0.8765625 0.65078125 0.0203125 0.01640625
3 0.46953125 0.89921875 0.01796875 0.01484375
2 0.9546875 0.540625 0.04453125 0.028125