1 0.525000 0.511719 0.054688 0.041406
1 0.175781 0.522656 0.045312 0.047656
1 0.354688 0.689844 0.052344 0.040625
1 0.811719 0.696875 0.049219 0.041406
1 0.275000 0.865625 0.048438 0.042188
2 0.189063 0.930469 0.047656 0.037500
2 0.488281 0.714063 0.044531 0.034375
2 0.690625 0.439063 0.048438 0.039062
0 0.306250 0.435937 0.097656 0.188281
3 0.500000 0.419531 0.016406 0.012500
3 0.760156 0.660156 0.013281 0.011719
3 0.439844 0.624219 0.017188 0.015625
3 0.123437 0.650781 0.020313 0.016406
3 0.530469 0.899219 0.017969 0.014844
2 0.045312 0.540625 0.044531 0.028125