0 0.306250 0.435937 0.096094 0.187500
1 0.525000 0.514844 0.053906 0.038281
1 0.178125 0.525781 0.045312 0.043750
3 0.499219 0.420312 0.017188 0.014844
2 0.689063 0.439063 0.049219 0.036719
2 0.486719 0.714844 0.045312 0.039062
2 0.189063 0.934375 0.057031 0.049219
2 0.608594 0.798438 0.060156 0.035156
1 0.810937 0.696875 0.052344 0.045312
1 0.352344 0.689844 0.046875 0.042188
3 0.439844 0.625000 0.015625 0.015625
3 0.532813 0.898438 0.017188 0.014063
3 0.758594 0.657031 0.017969 0.014844
2 0.045312 0.542969 0.044531 0.025781