0 0.69375 0.4359375 0.09609375 0.1875
1 0.475 0.51484375 0.05390625 0.03828125
1 0.821875 0.52578125 0.0453125 0.04375
3 0.50078125 0.4203125 0.0171875 0.01484375
2 0.3109375 0.4390625 0.04921875 0.03671875
2 0.51328125 0.71484375 0.0453125 0.0390625
2 0.8109375 0.934375 0.05703125 0.04921875
2 0.39140625 0.7984375 0.06015625 0.03515625
1 0.1890625 0.696875 0.05234375 0.0453125
1 0.64765625 0.68984375 0.046875 0.0421875
3 0.56015625 0.625 0.015625 0.015625
3 0.4671875 0.8984375 0.0171875 0.0140625
3 0.24140625 0.65703125 0.01796875 0.01484375
2 0.9546875 0.54296875 0.04453125 0.02578125