1 0.525781 0.513281 0.052344 0.039844
1 0.812500 0.696094 0.051562 0.045312
1 0.353906 0.690625 0.050000 0.035937
1 0.181250 0.523438 0.060156 0.046875
2 0.045312 0.542969 0.046094 0.026562
2 0.689844 0.439844 0.046094 0.038281
2 0.487500 0.711719 0.040625 0.030469
2 0.609375 0.800781 0.064062 0.032813
1 0.274219 0.861719 0.050781 0.047656
2 0.187500 0.931250 0.045312 0.039844
0 0.306250 0.437500 0.099219 0.189844
3 0.440625 0.623437 0.014063 0.014063
3 0.761719 0.659375 0.011719 0.010937
3 0.531250 0.898438 0.016406 0.012500
3 0.500000 0.420312 0.015625 0.012500
3 0.125000 0.649219 0.011719 0.010156