1 0.474219 0.486719 0.052344 0.039844
1 0.187500 0.303906 0.051562 0.045312
1 0.646094 0.309375 0.050000 0.035937
1 0.818750 0.476562 0.060156 0.046875
2 0.954688 0.457031 0.046094 0.026562
2 0.310156 0.560156 0.046094 0.038281
2 0.512500 0.288281 0.040625 0.030469
2 0.390625 0.199219 0.064062 0.032813
1 0.725781 0.138281 0.050781 0.047656
2 0.812500 0.068750 0.045312 0.039844
0 0.693750 0.562500 0.099219 0.189844
3 0.559375 0.376563 0.014063 0.014063
3 0.238281 0.340625 0.011719 0.010937
3 0.468750 0.101562 0.016406 0.012500
3 0.500000 0.579688 0.015625 0.012500
3 0.875000 0.350781 0.011719 0.010156