1 0.47421875 0.51328125 0.05234375 0.03984375
1 0.1875 0.69609375 0.0515625 0.0453125
1 0.64609375 0.690625 0.05 0.0359375
1 0.81875 0.5234375 0.06015625 0.046875
2 0.9546875 0.54296875 0.04609375 0.0265625
2 0.31015625 0.43984375 0.04609375 0.03828125
2 0.5125 0.71171875 0.040625 0.03046875
2 0.390625 0.80078125 0.0640625 0.0328125
1 0.72578125 0.86171875 0.05078125 0.04765625
2 0.8125 0.93125 0.0453125 0.03984375
0 0.69375 0.4375 0.09921875 0.18984375
3 0.559375 0.6234375 0.0140625 0.0140625
3 0.23828125 0.659375 0.01171875 0.0109375
3 0.46875 0.8984375 0.01640625 0.0125
3 0.5 0.4203125 0.015625 0.0125
3 0.875 0.64921875 0.01171875 0.01015625