1 0.1890625 0.69609375 0.05546875 0.04453125
1 0.646875 0.68984375 0.04921875 0.040625
1 0.471875 0.51328125 0.05078125 0.0390625
1 0.8203125 0.52265625 0.053125 0.046875
1 0.725 0.8671875 0.05390625 0.04296875
0 0.284375 0.884375 0.109375 0.04140625
0 0.69375 0.43671875 0.09765625 0.18828125
3 0.5 0.4203125 0.0140625 0.015625
3 0.56015625 0.625 0.01484375 0.0109375
3 0.2390625 0.65859375 0.01484375 0.01484375
3 0.46796875 0.8984375 0.01875 0.01328125
3 0.87421875 0.65 0.0140625 0.0125
2 0.95546875 0.54296875 0.04375 0.02734375