0 0.46328125 0.55546875 0.0296875 0.10546875
0 0.875 0.5546875 0.18828125 0.15625
0 0.5734375 0.83671875 0.1421875 0.08046875
1 0.6640625 0.68828125 0.04296875 0.03984375
1 0.3546875 0.678125 0.05859375 0.0328125
1 0.59140625 0.49296875 0.04296875 0.0390625
1 0.815625 0.871875 0.06484375 0.05234375
1 0.39453125 0.95 0.03671875 0.03671875
2 0.2453125 0.8765625 0.0421875 0.0359375
3 0.40859375 0.825 0.01484375 0.01171875
3 0.8171875 0.821875 0.03828125 0.025
3 0.5421875 0.61484375 0.0140625 0.01328125
3 0.7453125 0.44453125 0.0140625 0.01328125
3 0.2671875 0.5390625 0.015625 0.015625