0 0.536719 0.555469 0.029687 0.105469
0 0.125000 0.554688 0.188281 0.156250
0 0.426562 0.836719 0.142187 0.080469
1 0.335938 0.688281 0.042969 0.039844
1 0.645312 0.678125 0.058594 0.032813
1 0.408594 0.492969 0.042969 0.039062
1 0.184375 0.871875 0.064844 0.052344
1 0.605469 0.950000 0.036719 0.036719
2 0.754687 0.876563 0.042188 0.035937
3 0.591406 0.825000 0.014844 0.011719
3 0.182813 0.821875 0.038281 0.025000
3 0.457812 0.614844 0.014063 0.013281
3 0.254687 0.444531 0.014063 0.013281
3 0.732812 0.539062 0.015625 0.015625