0 0.463281 0.444531 0.029687 0.105469
0 0.875000 0.445312 0.188281 0.156250
0 0.573438 0.163281 0.142187 0.080469
1 0.664062 0.311719 0.042969 0.039844
1 0.354687 0.321875 0.058594 0.032813
1 0.591406 0.507031 0.042969 0.039062
1 0.815625 0.128125 0.064844 0.052344
1 0.394531 0.050000 0.036719 0.036719
2 0.245312 0.123437 0.042188 0.035937
3 0.408594 0.175000 0.014844 0.011719
3 0.817187 0.178125 0.038281 0.025000
3 0.542188 0.385156 0.014063 0.013281
3 0.745313 0.555469 0.014063 0.013281
3 0.267188 0.460938 0.015625 0.015625