0 0.69453125 0.43515625 0.0984375 0.1875
0 0.284375 0.88203125 0.1125 0.0390625
1 0.18828125 0.696875 0.04921875 0.040625
1 0.6484375 0.68984375 0.053125 0.03515625
1 0.47578125 0.5125 0.0546875 0.03828125
1 0.82265625 0.52421875 0.0484375 0.04609375
1 0.7234375 0.865625 0.05390625 0.04296875
2 0.81171875 0.93125 0.05234375 0.03671875
3 0.4671875 0.8984375 0.0203125 0.0140625
3 0.24140625 0.659375 0.0140625 0.01484375
3 0.56171875 0.62421875 0.01640625 0.01328125
2 0.95625 0.54140625 0.04375 0.02890625
3 0.5 0.41875 0.01328125 0.01484375
3 0.8765625 0.65 0.01484375 0.01171875