0 0.305469 0.435156 0.098437 0.187500
0 0.715625 0.882031 0.112500 0.039062
1 0.811719 0.696875 0.049219 0.040625
1 0.351562 0.689844 0.053125 0.035156
1 0.524219 0.512500 0.054688 0.038281
1 0.177344 0.524219 0.048438 0.046094
1 0.276563 0.865625 0.053906 0.042969
2 0.188281 0.931250 0.052344 0.036719
3 0.532813 0.898438 0.020313 0.014063
3 0.758594 0.659375 0.014063 0.014844
3 0.438281 0.624219 0.016406 0.013281
2 0.043750 0.541406 0.043750 0.028906
3 0.500000 0.418750 0.013281 0.014844
3 0.123437 0.650000 0.014844 0.011719