0 0.694531 0.564844 0.098437 0.187500
0 0.284375 0.117969 0.112500 0.039062
1 0.188281 0.303125 0.049219 0.040625
1 0.648438 0.310156 0.053125 0.035156
1 0.475781 0.487500 0.054688 0.038281
1 0.822656 0.475781 0.048438 0.046094
1 0.723437 0.134375 0.053906 0.042969
2 0.811719 0.068750 0.052344 0.036719
3 0.467187 0.101562 0.020313 0.014063
3 0.241406 0.340625 0.014063 0.014844
3 0.561719 0.375781 0.016406 0.013281
2 0.956250 0.458594 0.043750 0.028906
3 0.500000 0.581250 0.013281 0.014844
3 0.876563 0.350000 0.014844 0.011719