1 0.4734375 0.51328125 0.053125 0.03828125
1 0.190625 0.69765625 0.05 0.04375
1 0.6453125 0.68984375 0.05078125 0.04140625
0 0.284375 0.88515625 0.109375 0.04140625
0 0.69453125 0.4359375 0.09765625 0.18984375
3 0.49921875 0.41953125 0.01171875 0.01015625
3 0.5609375 0.6234375 0.015625 0.0140625
3 0.2390625 0.65859375 0.0125 0.01328125
3 0.46953125 0.8984375 0.01640625 0.01328125
2 0.8125 0.93203125 0.05078125 0.04375
2 0.95546875 0.54296875 0.046875 0.0265625
1 0.821875 0.52421875 0.05234375 0.04453125
2 0.51328125 0.7140625 0.04453125 0.0375