1 0.47578125 0.5125 0.05390625 0.03984375
1 0.1890625 0.69765625 0.046875 0.04296875
1 0.64765625 0.68984375 0.04921875 0.0390625
1 0.82421875 0.52578125 0.05 0.04375
1 0.72578125 0.86171875 0.05 0.05078125
0 0.28515625 0.884375 0.1078125 0.040625
0 0.69453125 0.4359375 0.09609375 0.18671875
2 0.51171875 0.7125 0.04296875 0.0359375
2 0.8140625 0.9328125 0.03828125 0.03359375
2 0.9546875 0.5421875 0.04296875 0.02578125
3 0.23984375 0.659375 0.0125 0.01328125
3 0.559375 0.6234375 0.0125 0.01171875
3 0.4671875 0.89765625 0.0125 0.0125
3 0.87578125 0.65 0.0140625 0.01171875
3 0.5 0.41953125 0.0125 0.0125