1 0.524219 0.512500 0.053906 0.039844
1 0.810937 0.697656 0.046875 0.042969
1 0.352344 0.689844 0.049219 0.039062
1 0.175781 0.525781 0.050000 0.043750
1 0.274219 0.861719 0.050000 0.050781
0 0.714844 0.884375 0.107813 0.040625
0 0.305469 0.435937 0.096094 0.186719
2 0.488281 0.712500 0.042969 0.035937
2 0.185937 0.932813 0.038281 0.033594
2 0.045312 0.542188 0.042969 0.025781
3 0.760156 0.659375 0.012500 0.013281
3 0.440625 0.623437 0.012500 0.011719
3 0.532813 0.897656 0.012500 0.012500
3 0.124219 0.650000 0.014063 0.011719
3 0.500000 0.419531 0.012500 0.012500