1 0.475781 0.487500 0.053906 0.039844
1 0.189062 0.302344 0.046875 0.042969
1 0.647656 0.310156 0.049219 0.039062
1 0.824219 0.474219 0.050000 0.043750
1 0.725781 0.138281 0.050000 0.050781
0 0.285156 0.115625 0.107813 0.040625
0 0.694531 0.564063 0.096094 0.186719
2 0.511719 0.287500 0.042969 0.035937
2 0.814063 0.067187 0.038281 0.033594
2 0.954688 0.457812 0.042969 0.025781
3 0.239844 0.340625 0.012500 0.013281
3 0.559375 0.376563 0.012500 0.011719
3 0.467187 0.102344 0.012500 0.012500
3 0.875781 0.350000 0.014063 0.011719
3 0.500000 0.580469 0.012500 0.012500