0 0.2828125 0.88515625 0.11484375 0.0421875
0 0.69453125 0.4359375 0.0953125 0.18671875
1 0.18984375 0.69609375 0.05390625 0.0421875
1 0.4796875 0.5140625 0.0625 0.0390625
1 0.8203125 0.525 0.05703125 0.04765625
1 0.6453125 0.68984375 0.05078125 0.04140625
2 0.309375 0.4390625 0.0421875 0.03828125
2 0.5125 0.7125 0.05625 0.05546875
2 0.8125 0.9328125 0.05234375 0.0390625
2 0.95390625 0.54375 0.0453125 0.02578125
3 0.49921875 0.41953125 0.01328125 0.01328125
3 0.56015625 0.625 0.01640625 0.0140625
3 0.2390625 0.65859375 0.01484375 0.015625
3 0.46953125 0.8984375 0.01328125 0.0140625