0 0.717187 0.885156 0.114844 0.042188
0 0.305469 0.435937 0.095312 0.186719
1 0.810156 0.696094 0.053906 0.042188
1 0.520312 0.514062 0.062500 0.039062
1 0.179688 0.525000 0.057031 0.047656
1 0.354688 0.689844 0.050781 0.041406
2 0.690625 0.439063 0.042188 0.038281
2 0.487500 0.712500 0.056250 0.055469
2 0.187500 0.932813 0.052344 0.039062
2 0.046094 0.543750 0.045312 0.025781
3 0.500781 0.419531 0.013281 0.013281
3 0.439844 0.625000 0.016406 0.014063
3 0.760938 0.658594 0.014844 0.015625
3 0.530469 0.898438 0.013281 0.014063