1 0.475781 0.485156 0.053906 0.040625
1 0.188281 0.301562 0.049219 0.042969
1 0.645312 0.311719 0.055469 0.042969
1 0.822656 0.475781 0.053125 0.046094
1 0.724219 0.135156 0.048438 0.042969
2 0.512500 0.288281 0.036719 0.041406
2 0.810156 0.066406 0.047656 0.035937
2 0.955469 0.456250 0.045312 0.025000
2 0.309375 0.561719 0.043750 0.037500
3 0.500000 0.579688 0.014063 0.011719
3 0.560156 0.376563 0.014844 0.010937
3 0.239063 0.340625 0.014063 0.011719
3 0.468750 0.100000 0.016406 0.013281
0 0.284375 0.114844 0.109375 0.040625
3 0.875000 0.350000 0.014063 0.013281
0 0.694531 0.563281 0.096094 0.186719