1 0.524219 0.514844 0.053906 0.040625
1 0.811719 0.698438 0.049219 0.042969
1 0.354688 0.688281 0.055469 0.042969
1 0.177344 0.524219 0.053125 0.046094
1 0.275781 0.864844 0.048438 0.042969
2 0.487500 0.711719 0.036719 0.041406
2 0.189844 0.933594 0.047656 0.035937
2 0.044531 0.543750 0.045312 0.025000
2 0.690625 0.438281 0.043750 0.037500
3 0.500000 0.420312 0.014063 0.011719
3 0.439844 0.623437 0.014844 0.010937
3 0.760938 0.659375 0.014063 0.011719
3 0.531250 0.900000 0.016406 0.013281
0 0.715625 0.885156 0.109375 0.040625
3 0.125000 0.650000 0.014063 0.013281
0 0.305469 0.436719 0.096094 0.186719