1 0.47578125 0.51484375 0.05390625 0.040625
1 0.18828125 0.6984375 0.04921875 0.04296875
1 0.6453125 0.68828125 0.05546875 0.04296875
1 0.82265625 0.52421875 0.053125 0.04609375
1 0.72421875 0.86484375 0.0484375 0.04296875
2 0.5125 0.71171875 0.03671875 0.04140625
2 0.81015625 0.93359375 0.04765625 0.0359375
2 0.95546875 0.54375 0.0453125 0.025
2 0.309375 0.43828125 0.04375 0.0375
3 0.5 0.4203125 0.0140625 0.01171875
3 0.56015625 0.6234375 0.01484375 0.0109375
3 0.2390625 0.659375 0.0140625 0.01171875
3 0.46875 0.9 0.01640625 0.01328125
0 0.284375 0.88515625 0.109375 0.040625
3 0.875 0.65 0.0140625 0.01328125
0 0.69453125 0.43671875 0.09609375 0.18671875