1 0.47734375 0.5140625 0.05625 0.0390625
1 0.6484375 0.68828125 0.0515625 0.040625
1 0.81796875 0.52578125 0.0625 0.046875
0 0.69375 0.43671875 0.09609375 0.18671875
0 0.28515625 0.88515625 0.1109375 0.0390625
2 0.31015625 0.4390625 0.04609375 0.0375
2 0.5125 0.71328125 0.0421875 0.0375
2 0.39140625 0.80078125 0.05859375 0.0359375
2 0.95703125 0.5421875 0.0453125 0.028125
3 0.49921875 0.4203125 0.01171875 0.0125
3 0.5609375 0.62421875 0.01953125 0.01328125
3 0.23984375 0.659375 0.01171875 0.01015625
2 0.81171875 0.93125 0.04140625 0.03515625