1 0.18828125 0.69765625 0.05234375 0.04375
1 0.64375 0.68828125 0.05390625 0.046875
1 0.475 0.5140625 0.05390625 0.03671875
1 0.82109375 0.5265625 0.05390625 0.04375
0 0.69453125 0.43671875 0.09609375 0.184375
0 0.28515625 0.88515625 0.1078125 0.0390625
3 0.46796875 0.89921875 0.0125 0.01171875
3 0.23984375 0.65859375 0.0125 0.0109375
3 0.559375 0.62421875 0.015625 0.015625
3 0.49921875 0.41953125 0.0109375 0.01015625
2 0.309375 0.4375 0.0421875 0.03828125
2 0.95625 0.54296875 0.04453125 0.02578125
2 0.5109375 0.715625 0.03984375 0.0359375
2 0.39375 0.79921875 0.0578125 0.03125
2 0.81640625 0.9359375 0.0609375 0.04765625