1 0.811719 0.697656 0.052344 0.043750
1 0.356250 0.688281 0.053906 0.046875
1 0.525000 0.514062 0.053906 0.036719
1 0.178906 0.526563 0.053906 0.043750
0 0.305469 0.436719 0.096094 0.184375
0 0.714844 0.885156 0.107813 0.039062
3 0.532031 0.899219 0.012500 0.011719
3 0.760156 0.658594 0.012500 0.010937
3 0.440625 0.624219 0.015625 0.015625
3 0.500781 0.419531 0.010937 0.010156
2 0.690625 0.437500 0.042188 0.038281
2 0.043750 0.542969 0.044531 0.025781
2 0.489062 0.715625 0.039844 0.035937
2 0.606250 0.799219 0.057813 0.031250
2 0.183594 0.935937 0.060937 0.047656