1 0.188281 0.302344 0.052344 0.043750
1 0.643750 0.311719 0.053906 0.046875
1 0.475000 0.485938 0.053906 0.036719
1 0.821094 0.473437 0.053906 0.043750
0 0.694531 0.563281 0.096094 0.184375
0 0.285156 0.114844 0.107813 0.039062
3 0.467969 0.100781 0.012500 0.011719
3 0.239844 0.341406 0.012500 0.010937
3 0.559375 0.375781 0.015625 0.015625
3 0.499219 0.580469 0.010937 0.010156
2 0.309375 0.562500 0.042188 0.038281
2 0.956250 0.457031 0.044531 0.025781
2 0.510938 0.284375 0.039844 0.035937
2 0.393750 0.200781 0.057813 0.031250
2 0.816406 0.064063 0.060937 0.047656