1 0.474219 0.485938 0.054688 0.037500
1 0.187500 0.303906 0.053906 0.042969
1 0.646875 0.312500 0.050781 0.042188
1 0.823438 0.477344 0.050000 0.047656
1 0.725000 0.134375 0.050000 0.039844
0 0.285156 0.115625 0.109375 0.041406
0 0.693750 0.564844 0.096094 0.185938
2 0.390625 0.201562 0.053125 0.030469
2 0.515625 0.284375 0.058594 0.042969
2 0.810937 0.071875 0.046875 0.037500
2 0.955469 0.456250 0.046094 0.027344
2 0.309375 0.561719 0.046875 0.039844
3 0.500781 0.580469 0.014063 0.010937
3 0.240625 0.341406 0.014063 0.010937
3 0.560156 0.375000 0.014844 0.010937
3 0.470313 0.098437 0.015625 0.015625
3 0.875000 0.348437 0.016406 0.013281