1 0.525781 0.514062 0.054688 0.037500
1 0.812500 0.696094 0.053906 0.042969
1 0.353125 0.687500 0.050781 0.042188
1 0.176562 0.522656 0.050000 0.047656
1 0.275000 0.865625 0.050000 0.039844
0 0.714844 0.884375 0.109375 0.041406
0 0.306250 0.435156 0.096094 0.185938
2 0.609375 0.798438 0.053125 0.030469
2 0.484375 0.715625 0.058594 0.042969
2 0.189063 0.928125 0.046875 0.037500
2 0.044531 0.543750 0.046094 0.027344
2 0.690625 0.438281 0.046875 0.039844
3 0.499219 0.419531 0.014063 0.010937
3 0.759375 0.658594 0.014063 0.010937
3 0.439844 0.625000 0.014844 0.010937
3 0.529687 0.901563 0.015625 0.015625
3 0.125000 0.651563 0.016406 0.013281