1 0.47421875 0.5140625 0.0546875 0.0375
1 0.1875 0.69609375 0.05390625 0.04296875
1 0.646875 0.6875 0.05078125 0.0421875
1 0.8234375 0.52265625 0.05 0.04765625
1 0.725 0.865625 0.05 0.03984375
0 0.28515625 0.884375 0.109375 0.04140625
0 0.69375 0.43515625 0.09609375 0.1859375
2 0.390625 0.7984375 0.053125 0.03046875
2 0.515625 0.715625 0.05859375 0.04296875
2 0.8109375 0.928125 0.046875 0.0375
2 0.95546875 0.54375 0.04609375 0.02734375
2 0.309375 0.43828125 0.046875 0.03984375
3 0.50078125 0.41953125 0.0140625 0.0109375
3 0.240625 0.65859375 0.0140625 0.0109375
3 0.56015625 0.625 0.01484375 0.0109375
3 0.4703125 0.9015625 0.015625 0.015625
3 0.875 0.6515625 0.01640625 0.01328125