1 0.47421875 0.5140625 0.053125 0.040625
1 0.82265625 0.5265625 0.05078125 0.0421875
1 0.64609375 0.68984375 0.053125 0.03828125
1 0.18828125 0.6984375 0.053125 0.04296875
0 0.28515625 0.88515625 0.109375 0.0421875
0 0.65390625 0.79453125 0.06875 0.11640625
0 0.69375 0.4359375 0.096875 0.18828125
3 0.5 0.4203125 0.015625 0.01640625
3 0.23984375 0.65859375 0.01328125 0.01328125
3 0.56015625 0.625 0.015625 0.01171875
3 0.46796875 0.8984375 0.0140625 0.01015625
2 0.95390625 0.54140625 0.04609375 0.02734375