1 0.525781 0.511719 0.051562 0.038281
1 0.810937 0.696875 0.053906 0.045312
1 0.353906 0.686719 0.050781 0.042188
1 0.178125 0.523438 0.050000 0.046875
1 0.275000 0.864844 0.047656 0.045312
0 0.715625 0.885156 0.108594 0.040625
0 0.344531 0.794531 0.064062 0.116406
0 0.306250 0.435937 0.096875 0.185938
3 0.531250 0.899219 0.013281 0.010937
3 0.758594 0.659375 0.016406 0.015625
3 0.440625 0.625000 0.014063 0.013281
2 0.044531 0.542188 0.042188 0.025781
3 0.125000 0.650781 0.015625 0.013281
3 0.500000 0.419531 0.014844 0.015625