1 0.474219 0.488281 0.051562 0.038281
1 0.189062 0.303125 0.053906 0.045312
1 0.646094 0.313281 0.050781 0.042188
1 0.821875 0.476562 0.050000 0.046875
1 0.725000 0.135156 0.047656 0.045312
0 0.284375 0.114844 0.108594 0.040625
0 0.655469 0.205469 0.064062 0.116406
0 0.693750 0.564063 0.096875 0.185938
3 0.468750 0.100781 0.013281 0.010937
3 0.241406 0.340625 0.016406 0.015625
3 0.559375 0.375000 0.014063 0.013281
2 0.955469 0.457812 0.042188 0.025781
3 0.875000 0.349219 0.015625 0.013281
3 0.500000 0.580469 0.014844 0.015625