1 0.47421875 0.51171875 0.0515625 0.03828125
1 0.1890625 0.696875 0.05390625 0.0453125
1 0.64609375 0.68671875 0.05078125 0.0421875
1 0.821875 0.5234375 0.05 0.046875
1 0.725 0.86484375 0.04765625 0.0453125
0 0.284375 0.88515625 0.10859375 0.040625
0 0.65546875 0.79453125 0.0640625 0.11640625
0 0.69375 0.4359375 0.096875 0.1859375
3 0.46875 0.89921875 0.01328125 0.0109375
3 0.24140625 0.659375 0.01640625 0.015625
3 0.559375 0.625 0.0140625 0.01328125
2 0.95546875 0.5421875 0.0421875 0.02578125
3 0.875 0.65078125 0.015625 0.01328125
3 0.5 0.41953125 0.01484375 0.015625