1 0.47890625 0.51328125 0.06171875 0.0375
1 0.1875 0.69765625 0.0546875 0.0453125
1 0.6453125 0.68984375 0.05078125 0.0453125
1 0.81875 0.521875 0.05390625 0.05
0 0.6546875 0.79453125 0.065625 0.11640625
0 0.28515625 0.884375 0.1125 0.04296875
3 0.46875 0.9 0.0171875 0.0140625
3 0.55859375 0.625 0.0140625 0.01171875
3 0.24140625 0.659375 0.015625 0.01171875
3 0.5015625 0.41953125 0.0140625 0.01171875
0 0.69453125 0.43671875 0.09609375 0.18828125
2 0.953125 0.54140625 0.0484375 0.02890625
2 0.80625 0.9328125 0.04921875 0.04296875