1 0.18828125 0.69765625 0.0515625 0.04453125
1 0.646875 0.68671875 0.0515625 0.04609375
1 0.4765625 0.5140625 0.06015625 0.03671875
1 0.8234375 0.525 0.04921875 0.04453125
1 0.72421875 0.86171875 0.05234375 0.0484375
2 0.8140625 0.93359375 0.04140625 0.0390625
2 0.95390625 0.54296875 0.04765625 0.02578125
0 0.690625 0.4375 0.115625 0.19921875
0 0.28359375 0.88359375 0.10859375 0.040625
0 0.653125 0.796875 0.0703125 0.12109375
3 0.5609375 0.62578125 0.01484375 0.01484375
3 0.240625 0.659375 0.0171875 0.0140625
3 0.5 0.41953125 0.01484375 0.0125
3 0.46875 0.9015625 0.01640625 0.02109375
3 0.875 0.65078125 0.015625 0.01484375