1 0.188281 0.302344 0.051562 0.044531
1 0.646875 0.313281 0.051562 0.046094
1 0.476562 0.485938 0.060156 0.036719
1 0.823438 0.475000 0.049219 0.044531
1 0.724219 0.138281 0.052344 0.048438
2 0.814063 0.066406 0.041406 0.039062
2 0.953906 0.457031 0.047656 0.025781
0 0.690625 0.562500 0.115625 0.199219
0 0.283594 0.116406 0.108594 0.040625
0 0.653125 0.203125 0.070312 0.121094
3 0.560937 0.374219 0.014844 0.014844
3 0.240625 0.340625 0.017188 0.014063
3 0.500000 0.580469 0.014844 0.012500
3 0.468750 0.098437 0.016406 0.021094
3 0.875000 0.349219 0.015625 0.014844