1 0.811719 0.697656 0.051562 0.044531
1 0.353125 0.686719 0.051562 0.046094
1 0.523438 0.514062 0.060156 0.036719
1 0.176562 0.525000 0.049219 0.044531
1 0.275781 0.861719 0.052344 0.048438
2 0.185937 0.933594 0.041406 0.039062
2 0.046094 0.542969 0.047656 0.025781
0 0.309375 0.437500 0.115625 0.199219
0 0.716406 0.883594 0.108594 0.040625
0 0.346875 0.796875 0.070312 0.121094
3 0.439063 0.625781 0.014844 0.014844
3 0.759375 0.659375 0.017188 0.014063
3 0.500000 0.419531 0.014844 0.012500
3 0.531250 0.901563 0.016406 0.021094
3 0.125000 0.650781 0.015625 0.014844