1 0.478125 0.5109375 0.0625 0.03828125
1 0.82421875 0.525 0.05625 0.04609375
1 0.64765625 0.690625 0.04765625 0.03828125
0 0.2859375 0.88359375 0.10703125 0.0390625
0 0.6546875 0.79453125 0.06796875 0.11328125
0 0.6953125 0.43671875 0.09765625 0.1890625
3 0.50078125 0.41875 0.01484375 0.0109375
3 0.56171875 0.62421875 0.01328125 0.01328125
3 0.23984375 0.6609375 0.01484375 0.0140625
2 0.51171875 0.7140625 0.040625 0.0375
2 0.81171875 0.9328125 0.04375 0.03515625
2 0.95546875 0.5421875 0.04609375 0.0296875