1 0.18671875 0.6953125 0.05390625 0.046875
1 0.47578125 0.5125 0.059375 0.0375
1 0.8234375 0.52421875 0.05 0.04765625
1 0.646875 0.690625 0.05 0.04140625
0 0.284375 0.88515625 0.11015625 0.04140625
0 0.653125 0.79453125 0.06875 0.11640625
0 0.6953125 0.43515625 0.09609375 0.18984375
3 0.5 0.4203125 0.0140625 0.0140625
3 0.55859375 0.62421875 0.0125 0.01484375
3 0.240625 0.659375 0.0140625 0.01328125
2 0.51328125 0.7171875 0.0421875 0.03671875
2 0.81171875 0.9328125 0.04765625 0.03828125
2 0.95625 0.54296875 0.0421875 0.0265625
3 0.46953125 0.9015625 0.01796875 0.015625