1 0.813281 0.695312 0.053906 0.046875
1 0.524219 0.512500 0.059375 0.037500
1 0.176562 0.524219 0.050000 0.047656
1 0.353125 0.690625 0.050000 0.041406
0 0.715625 0.885156 0.110156 0.041406
0 0.346875 0.794531 0.068750 0.116406
0 0.304688 0.435156 0.096094 0.189844
3 0.500000 0.420312 0.014063 0.014063
3 0.441406 0.624219 0.012500 0.014844
3 0.759375 0.659375 0.014063 0.013281
2 0.486719 0.717187 0.042188 0.036719
2 0.188281 0.932813 0.047656 0.038281
2 0.043750 0.542969 0.042188 0.026562
3 0.530469 0.901563 0.017969 0.015625