1 0.812500 0.696875 0.053906 0.042969
1 0.353906 0.689063 0.054688 0.039844
1 0.522656 0.512500 0.059375 0.038281
1 0.184375 0.521875 0.055469 0.046875
1 0.276563 0.863281 0.048438 0.046875
0 0.714844 0.885156 0.110156 0.039062
0 0.347656 0.795312 0.069531 0.118750
0 0.304688 0.435156 0.096094 0.189062
3 0.500000 0.420312 0.015625 0.013281
3 0.439063 0.625000 0.014844 0.012500
3 0.759375 0.659375 0.013281 0.010156
3 0.528906 0.901563 0.021094 0.021094
2 0.045312 0.541406 0.047656 0.028906
2 0.187500 0.933594 0.045312 0.038281
2 0.486719 0.716406 0.042188 0.035937
3 0.123437 0.650000 0.012500 0.014063