1 0.1875 0.696875 0.05390625 0.04296875
1 0.64609375 0.6890625 0.0546875 0.03984375
1 0.47734375 0.5125 0.059375 0.03828125
1 0.815625 0.521875 0.05546875 0.046875
1 0.7234375 0.86328125 0.0484375 0.046875
0 0.28515625 0.88515625 0.11015625 0.0390625
0 0.65234375 0.7953125 0.06953125 0.11875
0 0.6953125 0.43515625 0.09609375 0.1890625
3 0.5 0.4203125 0.015625 0.01328125
3 0.5609375 0.625 0.01484375 0.0125
3 0.240625 0.659375 0.01328125 0.01015625
3 0.47109375 0.9015625 0.02109375 0.02109375
2 0.9546875 0.54140625 0.04765625 0.02890625
2 0.8125 0.93359375 0.0453125 0.03828125
2 0.51328125 0.71640625 0.0421875 0.0359375
3 0.8765625 0.65 0.0125 0.0140625