1 0.64609375 0.6890625 0.05 0.0421875
1 0.47890625 0.5140625 0.05859375 0.0421875
1 0.8203125 0.525 0.0546875 0.0453125
0 0.2859375 0.88515625 0.11015625 0.04140625
3 0.23984375 0.659375 0.0140625 0.01328125
3 0.56015625 0.6234375 0.01484375 0.01171875
2 0.51171875 0.71484375 0.04296875 0.0375
0 0.65703125 0.79296875 0.0609375 0.1125
2 0.81015625 0.9328125 0.0484375 0.0375
2 0.95625 0.54296875 0.04375 0.028125
2 0.31015625 0.440625 0.04921875 0.04140625
3 0.5 0.41953125 0.01328125 0.0125
0 0.69453125 0.4359375 0.09765625 0.18984375