3 0.500781 0.419531 0.010937 0.010937
3 0.760156 0.659375 0.013281 0.011719
3 0.439844 0.624219 0.014063 0.010156
3 0.530469 0.899219 0.016406 0.012500
0 0.344531 0.794531 0.066406 0.115625
0 0.715625 0.885156 0.110156 0.039062
2 0.488281 0.714844 0.057813 0.051562
2 0.689063 0.439844 0.045312 0.037500
2 0.045312 0.542188 0.047656 0.028906
1 0.812500 0.698438 0.051562 0.046094
1 0.353906 0.689844 0.050781 0.039844
1 0.180469 0.523438 0.058594 0.046094
1 0.526563 0.514062 0.050000 0.036719
0 0.305469 0.439063 0.095312 0.196875
2 0.185156 0.935156 0.047656 0.035937