3 0.49921875 0.41953125 0.0109375 0.0109375
3 0.23984375 0.659375 0.01328125 0.01171875
3 0.56015625 0.62421875 0.0140625 0.01015625
3 0.46953125 0.89921875 0.01640625 0.0125
0 0.65546875 0.79453125 0.06640625 0.115625
0 0.284375 0.88515625 0.11015625 0.0390625
2 0.51171875 0.71484375 0.0578125 0.0515625
2 0.3109375 0.43984375 0.0453125 0.0375
2 0.9546875 0.5421875 0.04765625 0.02890625
1 0.1875 0.6984375 0.0515625 0.04609375
1 0.64609375 0.68984375 0.05078125 0.03984375
1 0.81953125 0.5234375 0.05859375 0.04609375
1 0.4734375 0.5140625 0.05 0.03671875
0 0.69453125 0.4390625 0.0953125 0.196875
2 0.81484375 0.93515625 0.04765625 0.0359375