3 0.499219 0.580469 0.010937 0.010937
3 0.239844 0.340625 0.013281 0.011719
3 0.560156 0.375781 0.014063 0.010156
3 0.469531 0.100781 0.016406 0.012500
0 0.655469 0.205469 0.066406 0.115625
0 0.284375 0.114844 0.110156 0.039062
2 0.511719 0.285156 0.057813 0.051562
2 0.310937 0.560156 0.045312 0.037500
2 0.954688 0.457812 0.047656 0.028906
1 0.187500 0.301562 0.051562 0.046094
1 0.646094 0.310156 0.050781 0.039844
1 0.819531 0.476562 0.058594 0.046094
1 0.473438 0.485938 0.050000 0.036719
0 0.694531 0.560937 0.095312 0.196875
2 0.814844 0.064844 0.047656 0.035937