1 0.811719 0.697656 0.052344 0.045312
1 0.353125 0.689844 0.048438 0.040625
1 0.524219 0.512500 0.053906 0.039844
1 0.179688 0.525000 0.050781 0.044531
1 0.275000 0.861719 0.053125 0.054688
2 0.185937 0.931250 0.046875 0.035156
2 0.489062 0.715625 0.044531 0.042969
2 0.687500 0.439844 0.046875 0.037500
2 0.045312 0.543750 0.044531 0.025781
0 0.714844 0.884375 0.110156 0.040625
0 0.343750 0.794531 0.066406 0.117969
0 0.304688 0.435937 0.096875 0.188281
3 0.500781 0.421094 0.011719 0.011719
3 0.439844 0.624219 0.010156 0.012500
3 0.760938 0.659375 0.013281 0.011719
3 0.532813 0.898438 0.012500 0.012500
3 0.125000 0.650000 0.013281 0.010937