1 0.188281 0.302344 0.052344 0.045312
1 0.646875 0.310156 0.048438 0.040625
1 0.475781 0.487500 0.053906 0.039844
1 0.820312 0.475000 0.050781 0.044531
1 0.725000 0.138281 0.053125 0.054688
2 0.814063 0.068750 0.046875 0.035156
2 0.510938 0.284375 0.044531 0.042969
2 0.312500 0.560156 0.046875 0.037500
2 0.954688 0.456250 0.044531 0.025781
0 0.285156 0.115625 0.110156 0.040625
0 0.656250 0.205469 0.066406 0.117969
0 0.695312 0.564063 0.096875 0.188281
3 0.499219 0.578906 0.011719 0.011719
3 0.560156 0.375781 0.010156 0.012500
3 0.239063 0.340625 0.013281 0.011719
3 0.467187 0.101562 0.012500 0.012500
3 0.875000 0.350000 0.013281 0.010937