1 0.18828125 0.69765625 0.05234375 0.0453125
1 0.646875 0.68984375 0.0484375 0.040625
1 0.47578125 0.5125 0.05390625 0.03984375
1 0.8203125 0.525 0.05078125 0.04453125
1 0.725 0.86171875 0.053125 0.0546875
2 0.8140625 0.93125 0.046875 0.03515625
2 0.5109375 0.715625 0.04453125 0.04296875
2 0.3125 0.43984375 0.046875 0.0375
2 0.9546875 0.54375 0.04453125 0.02578125
0 0.28515625 0.884375 0.11015625 0.040625
0 0.65625 0.79453125 0.06640625 0.11796875
0 0.6953125 0.4359375 0.096875 0.18828125
3 0.49921875 0.42109375 0.01171875 0.01171875
3 0.56015625 0.62421875 0.01015625 0.0125
3 0.2390625 0.659375 0.01328125 0.01171875
3 0.4671875 0.8984375 0.0125 0.0125
3 0.875 0.65 0.01328125 0.0109375