2 0.3921875 0.79921875 0.0515625 0.03125
2 0.5109375 0.7140625 0.040625 0.03359375
2 0.81171875 0.9328125 0.040625 0.0421875
2 0.9546875 0.54296875 0.04609375 0.0234375
2 0.31015625 0.440625 0.04609375 0.03359375
3 0.49921875 0.41953125 0.0140625 0.0125
3 0.2390625 0.65859375 0.0140625 0.01328125
0 0.2859375 0.884375 0.10859375 0.03984375
0 0.6546875 0.7953125 0.0640625 0.115625
0 0.69296875 0.43671875 0.09609375 0.18671875
1 0.64609375 0.6875 0.04921875 0.04375
1 0.8234375 0.5234375 0.04921875 0.04921875