0 0.307031 0.435937 0.097656 0.189062
0 0.715625 0.883594 0.109375 0.041406
0 0.345313 0.790625 0.074219 0.122656
1 0.354688 0.687500 0.051562 0.044531
1 0.524219 0.511719 0.054688 0.039844
1 0.178906 0.526563 0.047656 0.042969
2 0.046094 0.541406 0.042969 0.030469
2 0.605469 0.799219 0.060937 0.028125
2 0.486719 0.715625 0.060937 0.042969
2 0.185937 0.929688 0.050781 0.043750
3 0.439063 0.625000 0.014063 0.013281
2 0.690625 0.439844 0.047656 0.038281
3 0.500000 0.420312 0.011719 0.010937
3 0.760156 0.659375 0.015625 0.012500