0 0.69296875 0.4359375 0.09765625 0.1890625
0 0.284375 0.88359375 0.109375 0.04140625
0 0.6546875 0.790625 0.07421875 0.12265625
1 0.6453125 0.6875 0.0515625 0.04453125
1 0.47578125 0.51171875 0.0546875 0.03984375
1 0.82109375 0.5265625 0.04765625 0.04296875
2 0.95390625 0.54140625 0.04296875 0.03046875
2 0.39453125 0.79921875 0.0609375 0.028125
2 0.51328125 0.715625 0.0609375 0.04296875
2 0.8140625 0.9296875 0.05078125 0.04375
3 0.5609375 0.625 0.0140625 0.01328125
2 0.309375 0.43984375 0.04765625 0.03828125
3 0.5 0.4203125 0.01171875 0.0109375
3 0.23984375 0.659375 0.015625 0.0125