1 0.522656 0.514062 0.057031 0.039844
1 0.181250 0.525000 0.054688 0.046094
1 0.353125 0.687500 0.048438 0.038281
1 0.811719 0.696875 0.053125 0.043750
0 0.715625 0.884375 0.108594 0.041406
0 0.343750 0.794531 0.065625 0.116406
0 0.306250 0.436719 0.097656 0.185156
2 0.607031 0.799219 0.064062 0.038281
2 0.488281 0.715625 0.040625 0.034375
2 0.689063 0.439063 0.047656 0.035937
2 0.045312 0.542188 0.045312 0.025781
2 0.189844 0.933594 0.042969 0.035156
3 0.532031 0.899219 0.012500 0.012500
3 0.439063 0.623437 0.012500 0.011719
3 0.759375 0.658594 0.013281 0.011719
3 0.500000 0.420312 0.013281 0.011719