1 0.47734375 0.5140625 0.05703125 0.03984375
1 0.81875 0.525 0.0546875 0.04609375
1 0.646875 0.6875 0.0484375 0.03828125
1 0.18828125 0.696875 0.053125 0.04375
0 0.284375 0.884375 0.10859375 0.04140625
0 0.65625 0.79453125 0.065625 0.11640625
0 0.69375 0.43671875 0.09765625 0.18515625
2 0.39296875 0.79921875 0.0640625 0.03828125
2 0.51171875 0.715625 0.040625 0.034375
2 0.3109375 0.4390625 0.04765625 0.0359375
2 0.9546875 0.5421875 0.0453125 0.02578125
2 0.81015625 0.93359375 0.04296875 0.03515625
3 0.46796875 0.89921875 0.0125 0.0125
3 0.5609375 0.6234375 0.0125 0.01171875
3 0.240625 0.65859375 0.01328125 0.01171875
3 0.5 0.4203125 0.01328125 0.01171875