1 0.47734375 0.51484375 0.05703125 0.03984375
1 0.82421875 0.52421875 0.04296875 0.0453125
1 0.646875 0.68984375 0.05 0.03828125
1 0.190625 0.69765625 0.04609375 0.04453125
1 0.7234375 0.86328125 0.05078125 0.04609375
0 0.65625 0.7953125 0.06640625 0.11640625
0 0.28515625 0.884375 0.109375 0.03984375
0 0.69375 0.434375 0.096875 0.18984375
3 0.50078125 0.4203125 0.01328125 0.0125
3 0.559375 0.6234375 0.015625 0.0140625
2 0.5125 0.71796875 0.04453125 0.0390625
2 0.39296875 0.8 0.0578125 0.0296875
3 0.46875 0.90234375 0.0171875 0.01953125
3 0.240625 0.65859375 0.0109375 0.01171875
2 0.3125 0.43984375 0.0515625 0.03671875
2 0.95703125 0.5421875 0.0421875 0.025
3 0.87421875 0.65078125 0.015625 0.0125
2 0.81328125 0.9390625 0.0703125 0.046875