1 0.522656 0.514844 0.057031 0.039844
1 0.175781 0.524219 0.042969 0.045312
1 0.353125 0.689844 0.050000 0.038281
1 0.809375 0.697656 0.046094 0.044531
1 0.276563 0.863281 0.050781 0.046094
0 0.343750 0.795312 0.066406 0.116406
0 0.714844 0.884375 0.109375 0.039844
0 0.306250 0.434375 0.096875 0.189844
3 0.499219 0.420312 0.013281 0.012500
3 0.440625 0.623437 0.015625 0.014063
2 0.487500 0.717969 0.044531 0.039062
2 0.607031 0.800000 0.057813 0.029687
3 0.531250 0.902344 0.017188 0.019531
3 0.759375 0.658594 0.010937 0.011719
2 0.687500 0.439844 0.051562 0.036719
2 0.042969 0.542188 0.042188 0.025000
3 0.125781 0.650781 0.015625 0.012500
2 0.186719 0.939063 0.070312 0.046875