0 0.35859375 0.58828125 0.08125 0.0921875
0 0.69375 0.4359375 0.096875 0.1875
0 0.6546875 0.796875 0.065625 0.11484375
0 0.28359375 0.884375 0.1109375 0.0421875
1 0.18828125 0.6953125 0.05 0.0453125
1 0.4765625 0.5125 0.05625 0.0375
1 0.646875 0.6890625 0.04921875 0.03515625
1 0.81796875 0.525 0.0578125 0.04375
2 0.95625 0.5421875 0.040625 0.025
3 0.56015625 0.6234375 0.01484375 0.0109375
3 0.50078125 0.42109375 0.0140625 0.01484375
3 0.46875 0.9015625 0.01953125 0.0171875
3 0.2390625 0.65859375 0.01328125 0.0140625