0 0.641406 0.585938 0.104688 0.097656
0 0.305469 0.435937 0.097656 0.186719
0 0.345313 0.795312 0.065625 0.114844
0 0.714844 0.885156 0.108594 0.040625
1 0.812500 0.699219 0.050781 0.040625
1 0.522656 0.514062 0.057031 0.035156
1 0.178906 0.525000 0.052344 0.042188
1 0.353906 0.691406 0.050781 0.036719
1 0.276563 0.864062 0.049219 0.043750
3 0.529687 0.901563 0.018750 0.017969
3 0.757812 0.659375 0.014063 0.012500
3 0.439844 0.623437 0.014844 0.012500
3 0.500000 0.420312 0.013281 0.012500
2 0.044531 0.542188 0.044531 0.028906
3 0.124219 0.650000 0.012500 0.010937