0 0.35859375 0.5859375 0.1046875 0.09765625
0 0.69453125 0.4359375 0.09765625 0.18671875
0 0.6546875 0.7953125 0.065625 0.11484375
0 0.28515625 0.88515625 0.10859375 0.040625
1 0.1875 0.69921875 0.05078125 0.040625
1 0.47734375 0.5140625 0.05703125 0.03515625
1 0.82109375 0.525 0.05234375 0.0421875
1 0.64609375 0.69140625 0.05078125 0.03671875
1 0.7234375 0.8640625 0.04921875 0.04375
3 0.4703125 0.9015625 0.01875 0.01796875
3 0.2421875 0.659375 0.0140625 0.0125
3 0.56015625 0.6234375 0.01484375 0.0125
3 0.5 0.4203125 0.01328125 0.0125
2 0.95546875 0.5421875 0.04453125 0.02890625
3 0.87578125 0.65 0.0125 0.0109375