0 0.36015625 0.58828125 0.0828125 0.09140625
0 0.69453125 0.4359375 0.09453125 0.1890625
0 0.65546875 0.79609375 0.06328125 0.11953125
0 0.28359375 0.88515625 0.11015625 0.03984375
1 0.4765625 0.5140625 0.05625 0.0390625
1 0.64765625 0.68828125 0.046875 0.0421875
1 0.8203125 0.525 0.05234375 0.04296875
2 0.95625 0.54296875 0.04296875 0.02890625
3 0.559375 0.62421875 0.0125 0.01171875
3 0.5 0.41953125 0.01328125 0.01171875
3 0.240625 0.65859375 0.01640625 0.0125
2 0.81640625 0.93046875 0.04140625 0.03203125