1 0.47890625 0.5125 0.06328125 0.0421875
1 0.18828125 0.69453125 0.05625 0.04453125
1 0.64609375 0.684375 0.05 0.0515625
1 0.82421875 0.525 0.05078125 0.04765625
0 0.284375 0.88359375 0.1109375 0.04140625
0 0.359375 0.5890625 0.0828125 0.0921875
0 0.65546875 0.796875 0.06484375 0.1203125
0 0.69375 0.4359375 0.09765625 0.1890625
3 0.5 0.42109375 0.01484375 0.0125
3 0.56171875 0.62421875 0.01875 0.01328125
3 0.23828125 0.65859375 0.0125 0.01171875
2 0.9546875 0.54375 0.04921875 0.02578125
2 0.8078125 0.93671875 0.03515625 0.0375
3 0.46953125 0.89921875 0.02109375 0.01796875