1 0.521094 0.512500 0.063281 0.042188
1 0.811719 0.694531 0.056250 0.044531
1 0.353906 0.684375 0.050000 0.051562
1 0.175781 0.525000 0.050781 0.047656
0 0.715625 0.883594 0.110937 0.041406
0 0.640625 0.589063 0.082812 0.092188
0 0.344531 0.796875 0.064844 0.120313
0 0.306250 0.435937 0.097656 0.189062
3 0.500000 0.421094 0.014844 0.012500
3 0.438281 0.624219 0.018750 0.013281
3 0.761719 0.658594 0.012500 0.011719
2 0.045312 0.543750 0.049219 0.025781
2 0.192187 0.936719 0.035156 0.037500
3 0.530469 0.899219 0.021094 0.017969