1 0.18984375 0.69375 0.04609375 0.04765625
1 0.478125 0.51328125 0.06328125 0.0390625
1 0.82265625 0.525 0.0546875 0.04296875
1 0.64609375 0.6875 0.05 0.04140625
1 0.72578125 0.86328125 0.05 0.04453125
0 0.35859375 0.58828125 0.08125 0.090625
0 0.69453125 0.43671875 0.09609375 0.1890625
0 0.28515625 0.88515625 0.11015625 0.0421875
0 0.65546875 0.7953125 0.0671875 0.11640625
3 0.2390625 0.65859375 0.01484375 0.01171875
3 0.56015625 0.62265625 0.01484375 0.0140625
3 0.47265625 0.90078125 0.01953125 0.01875
2 0.8125 0.93203125 0.04453125 0.040625
2 0.9546875 0.5421875 0.0453125 0.0265625
3 0.49921875 0.41953125 0.0140625 0.01328125
3 0.875 0.64921875 0.0140625 0.0140625