1 0.810156 0.693750 0.046094 0.047656
1 0.521875 0.513281 0.063281 0.039062
1 0.177344 0.525000 0.054688 0.042969
1 0.353906 0.687500 0.050000 0.041406
1 0.274219 0.863281 0.050000 0.044531
0 0.641406 0.588281 0.081250 0.090625
0 0.305469 0.436719 0.096094 0.189062
0 0.714844 0.885156 0.110156 0.042188
0 0.344531 0.795312 0.067187 0.116406
3 0.760938 0.658594 0.014844 0.011719
3 0.439844 0.622656 0.014844 0.014063
3 0.527344 0.900781 0.019531 0.018750
2 0.187500 0.932031 0.044531 0.040625
2 0.045312 0.542188 0.045312 0.026562
3 0.500781 0.419531 0.014063 0.013281
3 0.125000 0.649219 0.014063 0.014063