1 0.6453125 0.68828125 0.05234375 0.0421875
1 0.47734375 0.51328125 0.059375 0.0390625
1 0.82578125 0.525 0.04921875 0.04296875
2 0.95546875 0.5421875 0.0453125 0.028125
0 0.36015625 0.58828125 0.08203125 0.090625
0 0.69453125 0.43671875 0.096875 0.18828125
0 0.65546875 0.79453125 0.06484375 0.11796875
0 0.28515625 0.884375 0.10859375 0.04140625
3 0.240625 0.65859375 0.01328125 0.01171875
3 0.5609375 0.62421875 0.0140625 0.0140625
2 0.51328125 0.71484375 0.04453125 0.03359375
2 0.8140625 0.934375 0.040625 0.03984375
3 0.5 0.41953125 0.01484375 0.0125