0 0.714844 0.884375 0.109375 0.041406
0 0.345313 0.795312 0.065625 0.116406
0 0.640625 0.589063 0.082031 0.092188
0 0.306250 0.436719 0.096875 0.185938
1 0.810156 0.698438 0.051562 0.046094
1 0.351562 0.689844 0.047656 0.039062
1 0.523438 0.512500 0.060156 0.039844
1 0.178125 0.525000 0.061719 0.045312
2 0.044531 0.543750 0.046875 0.025781
2 0.489844 0.716406 0.042188 0.035156
3 0.760156 0.658594 0.014063 0.012500
3 0.440625 0.624219 0.014844 0.013281
3 0.530469 0.901563 0.017969 0.018750
2 0.189063 0.932031 0.042188 0.037500
3 0.500000 0.420312 0.016406 0.013281