0 0.28515625 0.884375 0.109375 0.04140625
0 0.6546875 0.7953125 0.065625 0.11640625
0 0.359375 0.5890625 0.08203125 0.0921875
0 0.69375 0.43671875 0.096875 0.1859375
1 0.18984375 0.6984375 0.0515625 0.04609375
1 0.6484375 0.68984375 0.04765625 0.0390625
1 0.4765625 0.5125 0.06015625 0.03984375
1 0.821875 0.525 0.06171875 0.0453125
2 0.95546875 0.54375 0.046875 0.02578125
2 0.51015625 0.71640625 0.0421875 0.03515625
3 0.23984375 0.65859375 0.0140625 0.0125
3 0.559375 0.62421875 0.01484375 0.01328125
3 0.46953125 0.9015625 0.01796875 0.01875
2 0.8109375 0.93203125 0.0421875 0.0375
3 0.5 0.4203125 0.01640625 0.01328125