0 0.359375 0.58828125 0.08203125 0.09140625
0 0.28515625 0.88515625 0.1109375 0.040625
0 0.6546875 0.796875 0.06484375 0.12109375
0 0.69375 0.43671875 0.09765625 0.1890625
1 0.725 0.86328125 0.046875 0.04453125
1 0.65546875 0.6921875 0.0546875 0.04609375
1 0.18828125 0.6984375 0.05078125 0.04609375
1 0.8234375 0.5265625 0.05234375 0.04375
1 0.47734375 0.51328125 0.059375 0.040625
3 0.5609375 0.6234375 0.015625 0.01328125
3 0.240625 0.659375 0.01796875 0.01328125
3 0.4703125 0.9 0.02265625 0.01796875
3 0.875 0.65078125 0.01796875 0.01796875
2 0.95390625 0.5421875 0.04609375 0.025
3 0.5 0.4203125 0.015625 0.0125
2 0.50859375 0.715625 0.0453125 0.0375
2 0.8140625 0.934375 0.04375 0.03359375