0 0.640625 0.588281 0.082031 0.091406
0 0.714844 0.885156 0.110937 0.040625
0 0.345313 0.796875 0.064844 0.121094
0 0.306250 0.436719 0.097656 0.189062
1 0.275000 0.863281 0.046875 0.044531
1 0.344531 0.692187 0.054688 0.046094
1 0.811719 0.698438 0.050781 0.046094
1 0.176562 0.526563 0.052344 0.043750
1 0.522656 0.513281 0.059375 0.040625
3 0.439063 0.623437 0.015625 0.013281
3 0.759375 0.659375 0.017969 0.013281
3 0.529687 0.900000 0.022656 0.017969
3 0.125000 0.650781 0.017969 0.017969
2 0.046094 0.542188 0.046094 0.025000
3 0.500000 0.420312 0.015625 0.012500
2 0.491406 0.715625 0.045312 0.037500
2 0.185937 0.934375 0.043750 0.033594