0 0.359375 0.411719 0.082031 0.091406
0 0.285156 0.114844 0.110937 0.040625
0 0.654687 0.203125 0.064844 0.121094
0 0.693750 0.563281 0.097656 0.189062
1 0.725000 0.136719 0.046875 0.044531
1 0.655469 0.307813 0.054688 0.046094
1 0.188281 0.301562 0.050781 0.046094
1 0.823438 0.473437 0.052344 0.043750
1 0.477344 0.486719 0.059375 0.040625
3 0.560937 0.376563 0.015625 0.013281
3 0.240625 0.340625 0.017969 0.013281
3 0.470313 0.100000 0.022656 0.017969
3 0.875000 0.349219 0.017969 0.017969
2 0.953906 0.457812 0.046094 0.025000
3 0.500000 0.579688 0.015625 0.012500
2 0.508594 0.284375 0.045312 0.037500
2 0.814063 0.065625 0.043750 0.033594