0 0.359375 0.5890625 0.084375 0.090625
0 0.69375 0.4359375 0.09921875 0.1859375
0 0.28515625 0.88515625 0.10859375 0.040625
0 0.65390625 0.79609375 0.06796875 0.11640625
1 0.646875 0.68984375 0.05 0.03984375
1 0.8203125 0.52578125 0.05234375 0.0421875
2 0.95625 0.54296875 0.040625 0.0296875
2 0.31015625 0.4390625 0.04453125 0.040625
2 0.8125 0.93359375 0.04296875 0.0359375
2 0.51328125 0.71328125 0.04453125 0.0421875
3 0.23828125 0.65859375 0.01484375 0.01171875
3 0.49921875 0.41875 0.0140625 0.01328125