0 0.359375 0.5890625 0.0828125 0.09140625
0 0.28515625 0.88359375 0.11328125 0.040625
0 0.65546875 0.796875 0.0640625 0.12109375
0 0.69375 0.43671875 0.096875 0.1875
1 0.475 0.51484375 0.05390625 0.03671875
1 0.8265625 0.5265625 0.05078125 0.04140625
1 0.64609375 0.68984375 0.04921875 0.040625
2 0.5109375 0.7171875 0.046875 0.034375
2 0.31171875 0.440625 0.04765625 0.03984375
2 0.9546875 0.54296875 0.04453125 0.028125
2 0.809375 0.93515625 0.0515625 0.05
3 0.559375 0.62421875 0.0109375 0.01171875
3 0.50078125 0.41875 0.01796875 0.01484375
3 0.2390625 0.65859375 0.01171875 0.01015625