0 0.640625 0.589063 0.082812 0.091406
0 0.714844 0.883594 0.113281 0.040625
0 0.344531 0.796875 0.064062 0.121094
0 0.306250 0.436719 0.096875 0.187500
1 0.525000 0.514844 0.053906 0.036719
1 0.173438 0.526563 0.050781 0.041406
1 0.353906 0.689844 0.049219 0.040625
2 0.489062 0.717187 0.046875 0.034375
2 0.688281 0.440625 0.047656 0.039844
2 0.045312 0.542969 0.044531 0.028125
2 0.190625 0.935156 0.051562 0.050000
3 0.440625 0.624219 0.010937 0.011719
3 0.499219 0.418750 0.017969 0.014844
3 0.760938 0.658594 0.011719 0.010156