1 0.4796875 0.51171875 0.06640625 0.0390625
1 0.646875 0.68984375 0.053125 0.0359375
1 0.815625 0.525 0.059375 0.0453125
1 0.18828125 0.696875 0.05546875 0.0453125
3 0.240625 0.65859375 0.01640625 0.0140625
3 0.5609375 0.625 0.01484375 0.0125
3 0.50078125 0.4203125 0.01640625 0.01328125
2 0.31015625 0.440625 0.0515625 0.0390625
2 0.51171875 0.7140625 0.0359375 0.04140625
2 0.8140625 0.93984375 0.06640625 0.0390625
0 0.6578125 0.7953125 0.08359375 0.1375
0 0.2859375 0.88515625 0.1109375 0.040625
0 0.359375 0.58984375 0.08359375 0.09609375
0 0.6953125 0.4375 0.09921875 0.18671875
2 0.9546875 0.54296875 0.05234375 0.02734375
3 0.4703125 0.903125 0.025 0.02109375