1 0.520312 0.511719 0.066406 0.039062
1 0.353125 0.689844 0.053125 0.035937
1 0.184375 0.525000 0.059375 0.045312
1 0.811719 0.696875 0.055469 0.045312
3 0.759375 0.658594 0.016406 0.014063
3 0.439063 0.625000 0.014844 0.012500
3 0.499219 0.420312 0.016406 0.013281
2 0.689844 0.440625 0.051562 0.039062
2 0.488281 0.714063 0.035937 0.041406
2 0.185937 0.939844 0.066406 0.039062
0 0.342187 0.795312 0.083594 0.137500
0 0.714063 0.885156 0.110937 0.040625
0 0.640625 0.589844 0.083594 0.096094
0 0.304688 0.437500 0.099219 0.186719
2 0.045312 0.542969 0.052344 0.027344
3 0.529687 0.903125 0.025000 0.021094