1 0.524219 0.513281 0.053906 0.039062
1 0.810156 0.697656 0.050781 0.045312
1 0.353125 0.689063 0.050781 0.040625
1 0.180469 0.523438 0.057813 0.050000
1 0.277344 0.860938 0.050781 0.055469
0 0.714844 0.885156 0.109375 0.040625
0 0.645312 0.589063 0.093750 0.102344
0 0.305469 0.435937 0.097656 0.189062
0 0.344531 0.794531 0.066406 0.115625
2 0.185937 0.932031 0.044531 0.037500
2 0.485938 0.715625 0.044531 0.035156
3 0.529687 0.902344 0.017969 0.020313
3 0.439844 0.624219 0.011719 0.012500
3 0.125000 0.649219 0.010937 0.010937
2 0.044531 0.542969 0.043750 0.026562
3 0.497656 0.420312 0.015625 0.010937
2 0.689063 0.438281 0.047656 0.040625
3 0.759375 0.657813 0.014844 0.013281