1 0.47578125 0.51328125 0.05390625 0.0390625
1 0.18984375 0.69765625 0.05078125 0.0453125
1 0.646875 0.6890625 0.05078125 0.040625
1 0.81953125 0.5234375 0.0578125 0.05
1 0.72265625 0.8609375 0.05078125 0.05546875
0 0.28515625 0.88515625 0.109375 0.040625
0 0.3546875 0.5890625 0.09375 0.10234375
0 0.69453125 0.4359375 0.09765625 0.1890625
0 0.65546875 0.79453125 0.06640625 0.115625
2 0.8140625 0.93203125 0.04453125 0.0375
2 0.5140625 0.715625 0.04453125 0.03515625
3 0.4703125 0.90234375 0.01796875 0.0203125
3 0.56015625 0.62421875 0.01171875 0.0125
3 0.875 0.64921875 0.0109375 0.0109375
2 0.95546875 0.54296875 0.04375 0.0265625
3 0.50234375 0.4203125 0.015625 0.0109375
2 0.3109375 0.43828125 0.04765625 0.040625
3 0.240625 0.6578125 0.01484375 0.01328125