0 0.359375 0.58828125 0.08046875 0.08984375
0 0.6953125 0.4359375 0.096875 0.18984375
0 0.65546875 0.7953125 0.065625 0.11484375
0 0.28359375 0.88515625 0.1078125 0.04140625
2 0.39296875 0.79765625 0.05703125 0.02890625
2 0.51171875 0.71328125 0.0453125 0.0375
2 0.8125 0.934375 0.05390625 0.03671875
2 0.95625 0.54296875 0.04609375 0.0296875
1 0.821875 0.525 0.05859375 0.04921875
1 0.64609375 0.68828125 0.0515625 0.0421875
3 0.240625 0.659375 0.015625 0.0140625
3 0.50078125 0.4203125 0.0171875 0.01171875
2 0.3109375 0.43828125 0.0484375 0.03984375