2 0.392969 0.198438 0.057813 0.030469
2 0.512500 0.285937 0.043750 0.029687
2 0.814063 0.065625 0.045312 0.038281
2 0.954688 0.457812 0.045312 0.024219
2 0.310156 0.560937 0.051562 0.033594
1 0.476562 0.485156 0.058594 0.041406
1 0.817187 0.475781 0.060156 0.048438
1 0.646094 0.311719 0.045312 0.042188
0 0.285938 0.115625 0.109375 0.041406
0 0.653125 0.206250 0.068750 0.115625
0 0.359375 0.410937 0.080469 0.092188
0 0.694531 0.564063 0.094531 0.187500
3 0.498437 0.579688 0.012500 0.012500
3 0.560156 0.375000 0.010937 0.010156
3 0.240625 0.340625 0.016406 0.010156