2 0.39296875 0.8015625 0.0578125 0.03046875
2 0.5125 0.7140625 0.04375 0.0296875
2 0.8140625 0.934375 0.0453125 0.03828125
2 0.9546875 0.5421875 0.0453125 0.02421875
2 0.31015625 0.4390625 0.0515625 0.03359375
1 0.4765625 0.51484375 0.05859375 0.04140625
1 0.8171875 0.52421875 0.06015625 0.0484375
1 0.64609375 0.68828125 0.0453125 0.0421875
0 0.2859375 0.884375 0.109375 0.04140625
0 0.653125 0.79375 0.06875 0.115625
0 0.359375 0.5890625 0.08046875 0.0921875
0 0.69453125 0.4359375 0.09453125 0.1875
3 0.4984375 0.4203125 0.0125 0.0125
3 0.56015625 0.625 0.0109375 0.01015625
3 0.240625 0.659375 0.01640625 0.01015625