2 0.607031 0.801562 0.057813 0.030469
2 0.487500 0.714063 0.043750 0.029687
2 0.185937 0.934375 0.045312 0.038281
2 0.045312 0.542188 0.045312 0.024219
2 0.689844 0.439063 0.051562 0.033594
1 0.523438 0.514844 0.058594 0.041406
1 0.182813 0.524219 0.060156 0.048438
1 0.353906 0.688281 0.045312 0.042188
0 0.714063 0.884375 0.109375 0.041406
0 0.346875 0.793750 0.068750 0.115625
0 0.640625 0.589063 0.080469 0.092188
0 0.305469 0.435937 0.094531 0.187500
3 0.501563 0.420312 0.012500 0.012500
3 0.439844 0.625000 0.010937 0.010156
3 0.759375 0.659375 0.016406 0.010156