1 0.478125 0.5140625 0.059375 0.03671875
1 0.18828125 0.696875 0.05390625 0.0453125
1 0.646875 0.68828125 0.053125 0.04296875
1 0.82578125 0.52734375 0.0546875 0.040625
0 0.284375 0.88515625 0.11015625 0.040625
0 0.359375 0.58828125 0.08046875 0.09296875
0 0.6953125 0.4359375 0.096875 0.18671875
0 0.65546875 0.79375 0.065625 0.11640625
2 0.3109375 0.44140625 0.046875 0.03828125
2 0.5125 0.7140625 0.04609375 0.04296875
2 0.39296875 0.8015625 0.0578125 0.03515625
2 0.95546875 0.54296875 0.0453125 0.02734375
2 0.8140625 0.9328125 0.05390625 0.03828125
3 0.471875 0.90234375 0.01953125 0.01875
3 0.5609375 0.621875 0.01484375 0.01328125
3 0.2390625 0.659375 0.0109375 0.0125
3 0.49921875 0.41875 0.0171875 0.01328125