1 0.521875 0.514062 0.059375 0.036719
1 0.811719 0.696875 0.053906 0.045312
1 0.353125 0.688281 0.053125 0.042969
1 0.174219 0.527344 0.054688 0.040625
0 0.715625 0.885156 0.110156 0.040625
0 0.640625 0.588281 0.080469 0.092969
0 0.304688 0.435937 0.096875 0.186719
0 0.344531 0.793750 0.065625 0.116406
2 0.689063 0.441406 0.046875 0.038281
2 0.487500 0.714063 0.046094 0.042969
2 0.607031 0.801562 0.057813 0.035156
2 0.044531 0.542969 0.045312 0.027344
2 0.185937 0.932813 0.053906 0.038281
3 0.528125 0.902344 0.019531 0.018750
3 0.439063 0.621875 0.014844 0.013281
3 0.760938 0.659375 0.010937 0.012500
3 0.500781 0.418750 0.017188 0.013281