1 0.478125 0.485938 0.059375 0.036719
1 0.188281 0.303125 0.053906 0.045312
1 0.646875 0.311719 0.053125 0.042969
1 0.825781 0.472656 0.054688 0.040625
0 0.284375 0.114844 0.110156 0.040625
0 0.359375 0.411719 0.080469 0.092969
0 0.695312 0.564063 0.096875 0.186719
0 0.655469 0.206250 0.065625 0.116406
2 0.310937 0.558594 0.046875 0.038281
2 0.512500 0.285937 0.046094 0.042969
2 0.392969 0.198438 0.057813 0.035156
2 0.955469 0.457031 0.045312 0.027344
2 0.814063 0.067187 0.053906 0.038281
3 0.471875 0.097656 0.019531 0.018750
3 0.560937 0.378125 0.014844 0.013281
3 0.239063 0.340625 0.010937 0.012500
3 0.499219 0.581250 0.017188 0.013281