0 0.642188 0.589063 0.081250 0.090625
0 0.715625 0.885156 0.109375 0.039062
0 0.344531 0.794531 0.064062 0.114062
0 0.306250 0.437500 0.096875 0.187500
1 0.525000 0.514062 0.055469 0.037500
1 0.813281 0.700000 0.046094 0.046094
1 0.353906 0.689063 0.052344 0.042188
1 0.171875 0.524219 0.042969 0.046875
1 0.271875 0.862500 0.065625 0.044531
2 0.188281 0.931250 0.053125 0.045312
2 0.485938 0.714063 0.049219 0.036719
2 0.610938 0.789844 0.071094 0.057813
2 0.044531 0.542188 0.043750 0.028125
2 0.689063 0.439063 0.049219 0.039844
3 0.500781 0.419531 0.013281 0.010937
3 0.440625 0.624219 0.011719 0.012500
3 0.760156 0.659375 0.014844 0.015625
3 0.530469 0.900781 0.017188 0.016406