0 0.357812 0.410937 0.081250 0.090625
0 0.284375 0.114844 0.109375 0.039062
0 0.655469 0.205469 0.064062 0.114062
0 0.693750 0.562500 0.096875 0.187500
1 0.475000 0.485938 0.055469 0.037500
1 0.186719 0.300000 0.046094 0.046094
1 0.646094 0.310937 0.052344 0.042188
1 0.828125 0.475781 0.042969 0.046875
1 0.728125 0.137500 0.065625 0.044531
2 0.811719 0.068750 0.053125 0.045312
2 0.514062 0.285937 0.049219 0.036719
2 0.389062 0.210156 0.071094 0.057813
2 0.955469 0.457812 0.043750 0.028125
2 0.310937 0.560937 0.049219 0.039844
3 0.499219 0.580469 0.013281 0.010937
3 0.559375 0.375781 0.011719 0.012500
3 0.239844 0.340625 0.014844 0.015625
3 0.469531 0.099219 0.017188 0.016406