0 0.3578125 0.5890625 0.08125 0.090625
0 0.284375 0.88515625 0.109375 0.0390625
0 0.65546875 0.79453125 0.0640625 0.1140625
0 0.69375 0.4375 0.096875 0.1875
1 0.475 0.5140625 0.05546875 0.0375
1 0.18671875 0.7 0.04609375 0.04609375
1 0.64609375 0.6890625 0.05234375 0.0421875
1 0.828125 0.52421875 0.04296875 0.046875
1 0.728125 0.8625 0.065625 0.04453125
2 0.81171875 0.93125 0.053125 0.0453125
2 0.5140625 0.7140625 0.04921875 0.03671875
2 0.3890625 0.78984375 0.07109375 0.0578125
2 0.95546875 0.5421875 0.04375 0.028125
2 0.3109375 0.4390625 0.04921875 0.03984375
3 0.49921875 0.41953125 0.01328125 0.0109375
3 0.559375 0.62421875 0.01171875 0.0125
3 0.23984375 0.659375 0.01484375 0.015625
3 0.46953125 0.90078125 0.0171875 0.01640625