1 0.18828125 0.69921875 0.0515625 0.04453125
1 0.6453125 0.68828125 0.0515625 0.03828125
1 0.7234375 0.86484375 0.0484375 0.04140625
0 0.28515625 0.884375 0.10859375 0.0390625
0 0.35859375 0.5875 0.08125 0.090625
0 0.69375 0.4359375 0.09765625 0.1875
0 0.8375 0.6703125 0.02421875 0.1046875
3 0.8765625 0.65 0.01640625 0.01328125
3 0.56015625 0.6234375 0.0125 0.01328125
3 0.46875 0.903125 0.015625 0.01796875
3 0.240625 0.65859375 0.01171875 0.01171875
3 0.5 0.4203125 0.0125 0.01171875
1 0.4765625 0.5140625 0.05546875 0.040625
1 0.81328125 0.525 0.05859375 0.046875
2 0.953125 0.54296875 0.04453125 0.02734375
0 0.65625 0.79453125 0.0640625 0.1140625