1 0.811719 0.699219 0.051562 0.044531
1 0.354688 0.688281 0.051562 0.038281
1 0.276563 0.864844 0.048438 0.041406
0 0.714844 0.884375 0.108594 0.039062
0 0.641406 0.587500 0.081250 0.090625
0 0.306250 0.435937 0.097656 0.187500
0 0.162500 0.670312 0.024219 0.104688
3 0.123437 0.650000 0.016406 0.013281
3 0.439844 0.623437 0.012500 0.013281
3 0.531250 0.903125 0.015625 0.017969
3 0.759375 0.658594 0.011719 0.011719
3 0.500000 0.420312 0.012500 0.011719
1 0.523438 0.514062 0.055469 0.040625
1 0.186719 0.525000 0.058594 0.046875
2 0.046875 0.542969 0.044531 0.027344
0 0.343750 0.794531 0.064062 0.114062