1 0.188281 0.300781 0.051562 0.044531
1 0.645312 0.311719 0.051562 0.038281
1 0.723437 0.135156 0.048438 0.041406
0 0.285156 0.115625 0.108594 0.039062
0 0.358594 0.412500 0.081250 0.090625
0 0.693750 0.564063 0.097656 0.187500
0 0.837500 0.329688 0.024219 0.104688
3 0.876563 0.350000 0.016406 0.013281
3 0.560156 0.376563 0.012500 0.013281
3 0.468750 0.096875 0.015625 0.017969
3 0.240625 0.341406 0.011719 0.011719
3 0.500000 0.579688 0.012500 0.011719
1 0.476562 0.485938 0.055469 0.040625
1 0.813281 0.475000 0.058594 0.046875
2 0.953125 0.457031 0.044531 0.027344
0 0.656250 0.205469 0.064062 0.114062