1 0.4765625 0.51484375 0.0578125 0.03828125
1 0.64765625 0.6921875 0.0484375 0.0359375
1 0.82421875 0.52578125 0.05078125 0.04609375
0 0.8375 0.67109375 0.02421875 0.10625
0 0.28515625 0.884375 0.1109375 0.040625
0 0.35859375 0.5875 0.08203125 0.090625
0 0.6953125 0.4359375 0.096875 0.18828125
3 0.49921875 0.41953125 0.0140625 0.0125
3 0.5609375 0.6234375 0.01328125 0.01328125
3 0.240625 0.6578125 0.01484375 0.01328125
0 0.65546875 0.79375 0.065625 0.1140625
2 0.8140625 0.93671875 0.040625 0.03515625
2 0.9546875 0.54140625 0.0453125 0.0265625