0 0.359375 0.58828125 0.08125 0.08828125
0 0.28515625 0.884375 0.11015625 0.040625
0 0.83828125 0.67109375 0.02421875 0.10546875
0 0.65546875 0.79453125 0.0625 0.11640625
0 0.69453125 0.4359375 0.09375 0.1875
1 0.47734375 0.51328125 0.0578125 0.03984375
1 0.8203125 0.525 0.05234375 0.04765625
1 0.64765625 0.68984375 0.053125 0.03828125
1 0.18828125 0.7 0.05 0.04296875
3 0.49921875 0.4203125 0.0125 0.0125
3 0.559375 0.62421875 0.01484375 0.01171875
3 0.4703125 0.90234375 0.01640625 0.01953125
3 0.2390625 0.65859375 0.0125 0.0125
2 0.8125 0.9296875 0.0484375 0.03984375
2 0.95703125 0.54296875 0.04453125 0.02734375