0 0.640625 0.588281 0.081250 0.088281
0 0.714844 0.884375 0.110156 0.040625
0 0.161719 0.671094 0.024219 0.105469
0 0.344531 0.794531 0.062500 0.116406
0 0.305469 0.435937 0.093750 0.187500
1 0.522656 0.513281 0.057813 0.039844
1 0.179688 0.525000 0.052344 0.047656
1 0.352344 0.689844 0.053125 0.038281
1 0.811719 0.700000 0.050000 0.042969
3 0.500781 0.420312 0.012500 0.012500
3 0.440625 0.624219 0.014844 0.011719
3 0.529687 0.902344 0.016406 0.019531
3 0.760938 0.658594 0.012500 0.012500
2 0.187500 0.929688 0.048438 0.039844
2 0.042969 0.542969 0.044531 0.027344