0 0.358594 0.410937 0.080469 0.088281
0 0.694531 0.564063 0.096875 0.188281
0 0.838281 0.329688 0.026562 0.105469
0 0.650781 0.206250 0.072656 0.115625
0 0.283594 0.116406 0.109375 0.039844
1 0.724219 0.136719 0.049219 0.043750
1 0.645312 0.310937 0.049219 0.042969
1 0.188281 0.302344 0.049219 0.043750
1 0.472656 0.485938 0.050000 0.037500
1 0.818750 0.475781 0.059375 0.044531
2 0.810937 0.068750 0.046094 0.035937
3 0.471094 0.096875 0.019531 0.019531
3 0.560156 0.375781 0.013281 0.011719
3 0.239063 0.340625 0.011719 0.009375
3 0.500000 0.580469 0.012500 0.010937
2 0.955469 0.457031 0.043750 0.027344