0 0.35859375 0.5890625 0.08046875 0.08828125
0 0.69453125 0.4359375 0.096875 0.18828125
0 0.83828125 0.6703125 0.0265625 0.10546875
0 0.65078125 0.79375 0.07265625 0.115625
0 0.28359375 0.88359375 0.109375 0.03984375
1 0.72421875 0.86328125 0.04921875 0.04375
1 0.6453125 0.6890625 0.04921875 0.04296875
1 0.18828125 0.69765625 0.04921875 0.04375
1 0.47265625 0.5140625 0.05 0.0375
1 0.81875 0.52421875 0.059375 0.04453125
2 0.8109375 0.93125 0.04609375 0.0359375
3 0.47109375 0.903125 0.01953125 0.01953125
3 0.56015625 0.62421875 0.01328125 0.01171875
3 0.2390625 0.659375 0.01171875 0.009375
3 0.5 0.41953125 0.0125 0.0109375
2 0.95546875 0.54296875 0.04375 0.02734375