0 0.641406 0.589063 0.080469 0.088281
0 0.305469 0.435937 0.096875 0.188281
0 0.161719 0.670312 0.026562 0.105469
0 0.349219 0.793750 0.072656 0.115625
0 0.716406 0.883594 0.109375 0.039844
1 0.275781 0.863281 0.049219 0.043750
1 0.354688 0.689063 0.049219 0.042969
1 0.811719 0.697656 0.049219 0.043750
1 0.527344 0.514062 0.050000 0.037500
1 0.181250 0.524219 0.059375 0.044531
2 0.189063 0.931250 0.046094 0.035937
3 0.528906 0.903125 0.019531 0.019531
3 0.439844 0.624219 0.013281 0.011719
3 0.760938 0.659375 0.011719 0.009375
3 0.500000 0.419531 0.012500 0.010937
2 0.044531 0.542969 0.043750 0.027344