0 0.35859375 0.58828125 0.08125 0.0921875
0 0.69453125 0.43515625 0.096875 0.1890625
0 0.8390625 0.6703125 0.02265625 0.10703125
0 0.65703125 0.79375 0.06484375 0.1125
0 0.28515625 0.88515625 0.109375 0.03984375
3 0.24140625 0.65859375 0.01640625 0.01328125
3 0.5 0.4203125 0.01796875 0.0125
2 0.51328125 0.7109375 0.0453125 0.04453125
1 0.646875 0.68828125 0.0484375 0.0453125
1 0.825 0.525 0.04765625 0.0484375
2 0.9546875 0.54296875 0.04296875 0.0296875
2 0.8171875 0.93671875 0.05859375 0.0421875