0 0.35859375 0.5890625 0.08125 0.09375
0 0.69453125 0.43671875 0.09765625 0.18984375
0 0.8375 0.6703125 0.0265625 0.1046875
0 0.65625 0.7953125 0.0640625 0.11484375
0 0.284375 0.88515625 0.11015625 0.04140625
2 0.8140625 0.93046875 0.04140625 0.03828125
2 0.515625 0.71796875 0.0453125 0.03984375
2 0.953125 0.54296875 0.046875 0.02578125
1 0.64609375 0.6890625 0.04765625 0.0375
1 0.475 0.51484375 0.05390625 0.03984375
1 0.825 0.525 0.0421875 0.040625
3 0.56171875 0.6234375 0.0171875 0.015625
3 0.24140625 0.65859375 0.015625 0.01171875
3 0.5 0.4203125 0.015625 0.01328125