0 0.641406 0.589063 0.081250 0.093750
0 0.305469 0.436719 0.097656 0.189844
0 0.162500 0.670312 0.026562 0.104688
0 0.343750 0.795312 0.064062 0.114844
0 0.715625 0.885156 0.110156 0.041406
2 0.185937 0.930469 0.041406 0.038281
2 0.484375 0.717969 0.045312 0.039844
2 0.046875 0.542969 0.046875 0.025781
1 0.353906 0.689063 0.047656 0.037500
1 0.525000 0.514844 0.053906 0.039844
1 0.175000 0.525000 0.042188 0.040625
3 0.438281 0.623437 0.017188 0.015625
3 0.758594 0.658594 0.015625 0.011719
3 0.500000 0.420312 0.015625 0.013281