1 0.47734375 0.51171875 0.05625 0.046875
1 0.64375 0.6890625 0.05 0.03984375
1 0.8234375 0.5265625 0.05546875 0.04453125
1 0.18671875 0.69765625 0.046875 0.040625
0 0.35859375 0.58984375 0.08125 0.09140625
0 0.69453125 0.4359375 0.10078125 0.18828125
0 0.83828125 0.671875 0.02421875 0.10859375
0 0.653125 0.79375 0.06796875 0.11640625
0 0.284375 0.884375 0.109375 0.04140625
3 0.46796875 0.9 0.0140625 0.01328125
3 0.559375 0.62421875 0.01484375 0.0125
3 0.24140625 0.65859375 0.01328125 0.01328125
3 0.50078125 0.4203125 0.0125 0.0140625
2 0.9546875 0.54375 0.04296875 0.03125
2 0.515625 0.71875 0.0421875 0.03203125
2 0.81171875 0.9328125 0.0453125 0.0359375