1 0.522656 0.511719 0.056250 0.046875
1 0.356250 0.689063 0.050000 0.039844
1 0.176562 0.526563 0.055469 0.044531
1 0.813281 0.697656 0.046875 0.040625
0 0.641406 0.589844 0.081250 0.091406
0 0.305469 0.435937 0.100781 0.188281
0 0.161719 0.671875 0.024219 0.108594
0 0.346875 0.793750 0.067969 0.116406
0 0.715625 0.884375 0.109375 0.041406
3 0.532031 0.900000 0.014063 0.013281
3 0.440625 0.624219 0.014844 0.012500
3 0.758594 0.658594 0.013281 0.013281
3 0.499219 0.420312 0.012500 0.014063
2 0.045312 0.543750 0.042969 0.031250
2 0.484375 0.718750 0.042188 0.032031
2 0.188281 0.932813 0.045312 0.035937