1 0.47421875 0.51484375 0.05078125 0.03828125
1 0.82578125 0.52734375 0.0484375 0.040625
1 0.646875 0.68984375 0.0515625 0.04453125
1 0.725 0.86796875 0.053125 0.0390625
1 0.1875 0.69765625 0.0453125 0.034375
0 0.36015625 0.58828125 0.08515625 0.0921875
0 0.284375 0.88515625 0.10859375 0.0390625
0 0.65390625 0.79453125 0.06796875 0.1171875
0 0.83828125 0.66953125 0.025 0.1078125
0 0.69296875 0.4359375 0.0953125 0.1859375
3 0.5 0.42109375 0.0140625 0.01328125
3 0.23984375 0.659375 0.0171875 0.015625
3 0.56015625 0.625 0.0171875 0.01171875
3 0.46796875 0.8984375 0.00859375 0.0140625
2 0.51640625 0.71875 0.0578125 0.03828125
2 0.81015625 0.93203125 0.0375 0.0375
3 0.87578125 0.65 0.01328125 0.01328125
2 0.95625 0.54375 0.0421875 0.025