1 0.474219 0.485156 0.050781 0.038281
1 0.825781 0.472656 0.048438 0.040625
1 0.646875 0.310156 0.051562 0.044531
1 0.725000 0.132031 0.053125 0.039062
1 0.187500 0.302344 0.045312 0.034375
0 0.360156 0.411719 0.085156 0.092188
0 0.284375 0.114844 0.108594 0.039062
0 0.653906 0.205469 0.067969 0.117188
0 0.838281 0.330469 0.025000 0.107813
0 0.692969 0.564063 0.095312 0.185938
3 0.500000 0.578906 0.014063 0.013281
3 0.239844 0.340625 0.017188 0.015625
3 0.560156 0.375000 0.017188 0.011719
3 0.467969 0.101562 0.008594 0.014063
2 0.516406 0.281250 0.057813 0.038281
2 0.810156 0.067969 0.037500 0.037500
3 0.875781 0.350000 0.013281 0.013281
2 0.956250 0.456250 0.042188 0.025000