1 0.525781 0.514844 0.050781 0.038281
1 0.174219 0.527344 0.048438 0.040625
1 0.353125 0.689844 0.051562 0.044531
1 0.275000 0.867969 0.053125 0.039062
1 0.812500 0.697656 0.045312 0.034375
0 0.639844 0.588281 0.085156 0.092188
0 0.715625 0.885156 0.108594 0.039062
0 0.346094 0.794531 0.067969 0.117188
0 0.161719 0.669531 0.025000 0.107813
0 0.307031 0.435937 0.095312 0.185938
3 0.500000 0.421094 0.014063 0.013281
3 0.760156 0.659375 0.017188 0.015625
3 0.439844 0.625000 0.017188 0.011719
3 0.532031 0.898438 0.008594 0.014063
2 0.483594 0.718750 0.057813 0.038281
2 0.189844 0.932031 0.037500 0.037500
3 0.124219 0.650000 0.013281 0.013281
2 0.043750 0.543750 0.042188 0.025000