0 0.3578125 0.5890625 0.07734375 0.08984375
0 0.28515625 0.88515625 0.109375 0.040625
0 0.83828125 0.66953125 0.0234375 0.10390625
0 0.6546875 0.796875 0.06328125 0.1203125
0 0.69296875 0.43671875 0.09765625 0.1859375
1 0.82109375 0.521875 0.04765625 0.04375
1 0.64609375 0.6875 0.0515625 0.04375
2 0.51171875 0.7125 0.040625 0.0359375
2 0.309375 0.4375 0.053125 0.046875
2 0.9546875 0.5421875 0.04453125 0.02734375
2 0.8078125 0.93515625 0.0421875 0.04140625
3 0.5 0.42109375 0.0171875 0.0140625
3 0.24140625 0.659375 0.015625 0.0125