0 0.641406 0.588281 0.080469 0.092188
0 0.304688 0.434375 0.113281 0.193750
0 0.162500 0.671094 0.025781 0.103125
0 0.346094 0.793750 0.067187 0.117188
0 0.714063 0.884375 0.107031 0.040625
3 0.758594 0.658594 0.014063 0.015625
3 0.439063 0.625000 0.013281 0.010937
2 0.189063 0.927344 0.046094 0.040625
2 0.486719 0.716406 0.038281 0.043750
2 0.689844 0.440625 0.045312 0.039844
3 0.500000 0.420312 0.013281 0.014844
1 0.523438 0.514062 0.056250 0.037500
1 0.175781 0.525781 0.049219 0.043750
2 0.043750 0.542969 0.041406 0.025781
1 0.353125 0.687500 0.050000 0.042969