0 0.35859375 0.58828125 0.08046875 0.0921875
0 0.6953125 0.434375 0.11328125 0.19375
0 0.8375 0.67109375 0.02578125 0.103125
0 0.65390625 0.79375 0.0671875 0.1171875
0 0.2859375 0.884375 0.10703125 0.040625
3 0.24140625 0.65859375 0.0140625 0.015625
3 0.5609375 0.625 0.01328125 0.0109375
2 0.8109375 0.92734375 0.04609375 0.040625
2 0.51328125 0.71640625 0.03828125 0.04375
2 0.31015625 0.440625 0.0453125 0.03984375
3 0.5 0.4203125 0.01328125 0.01484375
1 0.4765625 0.5140625 0.05625 0.0375
1 0.82421875 0.52578125 0.04921875 0.04375
2 0.95625 0.54296875 0.04140625 0.02578125
1 0.646875 0.6875 0.05 0.04296875