0 0.358594 0.411719 0.080469 0.092188
0 0.695312 0.565625 0.113281 0.193750
0 0.837500 0.328906 0.025781 0.103125
0 0.653906 0.206250 0.067187 0.117188
0 0.285938 0.115625 0.107031 0.040625
3 0.241406 0.341406 0.014063 0.015625
3 0.560937 0.375000 0.013281 0.010937
2 0.810937 0.072656 0.046094 0.040625
2 0.513281 0.283594 0.038281 0.043750
2 0.310156 0.559375 0.045312 0.039844
3 0.500000 0.579688 0.013281 0.014844
1 0.476562 0.485938 0.056250 0.037500
1 0.824219 0.474219 0.049219 0.043750
2 0.956250 0.457031 0.041406 0.025781
1 0.646875 0.312500 0.050000 0.042969