1 0.6546875 0.69296875 0.05390625 0.0453125
1 0.1859375 0.69765625 0.05078125 0.0484375
1 0.4734375 0.51328125 0.09296875 0.0546875
1 0.82421875 0.52578125 0.04609375 0.0484375
0 0.70078125 0.43828125 0.1296875 0.1609375
0 0.36015625 0.58984375 0.08671875 0.09609375
0 0.284375 0.884375 0.109375 0.04140625
0 0.83828125 0.67265625 0.02734375 0.10546875
0 0.65546875 0.7953125 0.06953125 0.11640625
2 0.509375 0.7140625 0.05078125 0.05703125
2 0.9546875 0.54296875 0.03984375 0.02890625
2 0.80859375 0.93359375 0.03671875 0.04140625
3 0.4703125 0.90078125 0.0171875 0.021875
3 0.24140625 0.66015625 0.01796875 0.01796875
3 0.5625 0.6234375 0.015625 0.0140625
3 0.50078125 0.4203125 0.0171875 0.0140625
2 0.3109375 0.43671875 0.04609375 0.04296875