1 0.345313 0.692969 0.053906 0.045312
1 0.814063 0.697656 0.050781 0.048438
1 0.526563 0.513281 0.092969 0.054688
1 0.175781 0.525781 0.046094 0.048438
0 0.299219 0.438281 0.129688 0.160938
0 0.639844 0.589844 0.086719 0.096094
0 0.715625 0.884375 0.109375 0.041406
0 0.161719 0.672656 0.027344 0.105469
0 0.344531 0.795312 0.069531 0.116406
2 0.490625 0.714063 0.050781 0.057031
2 0.045312 0.542969 0.039844 0.028906
2 0.191406 0.933594 0.036719 0.041406
3 0.529687 0.900781 0.017188 0.021875
3 0.758594 0.660156 0.017969 0.017969
3 0.437500 0.623437 0.015625 0.014063
3 0.499219 0.420312 0.017188 0.014063
2 0.689063 0.436719 0.046094 0.042969