1 0.478125 0.51328125 0.06328125 0.03828125
1 0.18828125 0.69765625 0.05390625 0.0453125
1 0.64609375 0.6890625 0.05703125 0.04140625
1 0.82578125 0.525 0.0421875 0.046875
1 0.7234375 0.86484375 0.046875 0.0484375
0 0.6578125 0.79375 0.05859375 0.12578125
0 0.8375 0.671875 0.02421875 0.11171875
0 0.69453125 0.4359375 0.09453125 0.1890625
0 0.2859375 0.884375 0.11171875 0.040625
0 0.35859375 0.5890625 0.08984375 0.090625
2 0.31171875 0.4390625 0.053125 0.0359375
2 0.51015625 0.7109375 0.05703125 0.04453125
2 0.95625 0.54296875 0.0390625 0.02421875
2 0.80625 0.9328125 0.04921875 0.04375
3 0.47421875 0.90390625 0.0234375 0.02109375
3 0.56171875 0.62421875 0.015625 0.01484375
3 0.23984375 0.65859375 0.01484375 0.015625
3 0.50078125 0.41953125 0.01640625 0.015625