1 0.521875 0.513281 0.063281 0.038281
1 0.811719 0.697656 0.053906 0.045312
1 0.353906 0.689063 0.057031 0.041406
1 0.174219 0.525000 0.042188 0.046875
1 0.276563 0.864844 0.046875 0.048438
0 0.342187 0.793750 0.058594 0.125781
0 0.162500 0.671875 0.024219 0.111719
0 0.305469 0.435937 0.094531 0.189062
0 0.714063 0.884375 0.111719 0.040625
0 0.641406 0.589063 0.089844 0.090625
2 0.688281 0.439063 0.053125 0.035937
2 0.489844 0.710938 0.057031 0.044531
2 0.043750 0.542969 0.039062 0.024219
2 0.193750 0.932813 0.049219 0.043750
3 0.525781 0.903906 0.023438 0.021094
3 0.438281 0.624219 0.015625 0.014844
3 0.760156 0.658594 0.014844 0.015625
3 0.499219 0.419531 0.016406 0.015625