0 0.3609375 0.590625 0.0828125 0.09375
0 0.2921875 0.884375 0.12890625 0.05703125
0 0.65546875 0.796875 0.06640625 0.1171875
0 0.8390625 0.6703125 0.0265625 0.10546875
0 0.69453125 0.43671875 0.09609375 0.18671875
2 0.95625 0.54296875 0.04296875 0.02890625
2 0.31015625 0.43984375 0.05546875 0.03984375
2 0.815625 0.93203125 0.04765625 0.03828125
2 0.39609375 0.7984375 0.05859375 0.0359375
2 0.51015625 0.71171875 0.05 0.04453125
1 0.64609375 0.6890625 0.053125 0.03984375
3 0.24140625 0.659375 0.01640625 0.01328125