0 0.639844 0.589063 0.080469 0.090625
0 0.714844 0.884375 0.109375 0.042188
0 0.342969 0.794531 0.067187 0.116406
0 0.162500 0.671875 0.025000 0.110156
0 0.305469 0.436719 0.096875 0.187500
1 0.350000 0.690625 0.063281 0.041406
1 0.178125 0.523438 0.051562 0.043750
2 0.043750 0.542969 0.046094 0.025000
2 0.610156 0.800781 0.059375 0.028906
2 0.492188 0.715625 0.050000 0.042969
2 0.189844 0.932031 0.046094 0.046094
2 0.689063 0.439844 0.049219 0.041406
3 0.500000 0.420312 0.014844 0.012500
3 0.757812 0.659375 0.016406 0.014844