0 0.36015625 0.5890625 0.08046875 0.090625
0 0.28515625 0.884375 0.109375 0.0421875
0 0.65703125 0.79453125 0.0671875 0.11640625
0 0.8375 0.671875 0.025 0.11015625
0 0.69453125 0.43671875 0.096875 0.1875
1 0.65 0.690625 0.06328125 0.04140625
1 0.821875 0.5234375 0.0515625 0.04375
2 0.95625 0.54296875 0.04609375 0.025
2 0.38984375 0.80078125 0.059375 0.02890625
2 0.5078125 0.715625 0.05 0.04296875
2 0.81015625 0.93203125 0.04609375 0.04609375
2 0.3109375 0.43984375 0.04921875 0.04140625
3 0.5 0.4203125 0.01484375 0.0125
3 0.2421875 0.659375 0.01640625 0.01484375