0 0.359375 0.5890625 0.0828125 0.09375
0 0.69453125 0.4359375 0.09765625 0.18671875
0 0.83828125 0.67109375 0.02578125 0.10625
0 0.65546875 0.79453125 0.06484375 0.11796875
0 0.284375 0.884375 0.10859375 0.03984375
2 0.39375 0.80078125 0.05703125 0.03046875
2 0.51328125 0.71640625 0.0375 0.03359375
2 0.95625 0.5421875 0.04296875 0.0265625
2 0.31015625 0.4390625 0.04453125 0.03828125
1 0.475 0.51171875 0.05390625 0.040625
1 0.81953125 0.5265625 0.059375 0.046875
1 0.6484375 0.6890625 0.05 0.04140625
2 0.8109375 0.93125 0.04921875 0.03828125
3 0.240625 0.659375 0.01328125 0.0109375
3 0.559375 0.62421875 0.0140625 0.01171875
3 0.5 0.4203125 0.01484375 0.01328125