0 0.359375 0.410937 0.082812 0.093750
0 0.694531 0.564063 0.097656 0.186719
0 0.838281 0.328906 0.025781 0.106250
0 0.655469 0.205469 0.064844 0.117969
0 0.284375 0.115625 0.108594 0.039844
2 0.393750 0.199219 0.057031 0.030469
2 0.513281 0.283594 0.037500 0.033594
2 0.956250 0.457812 0.042969 0.026562
2 0.310156 0.560937 0.044531 0.038281
1 0.475000 0.488281 0.053906 0.040625
1 0.819531 0.473437 0.059375 0.046875
1 0.648438 0.310937 0.050000 0.041406
2 0.810937 0.068750 0.049219 0.038281
3 0.240625 0.340625 0.013281 0.010937
3 0.559375 0.375781 0.014063 0.011719
3 0.500000 0.579688 0.014844 0.013281