0 0.640625 0.589063 0.082812 0.093750
0 0.305469 0.435937 0.097656 0.186719
0 0.161719 0.671094 0.025781 0.106250
0 0.344531 0.794531 0.064844 0.117969
0 0.715625 0.884375 0.108594 0.039844
2 0.606250 0.800781 0.057031 0.030469
2 0.486719 0.716406 0.037500 0.033594
2 0.043750 0.542188 0.042969 0.026562
2 0.689844 0.439063 0.044531 0.038281
1 0.525000 0.511719 0.053906 0.040625
1 0.180469 0.526563 0.059375 0.046875
1 0.351562 0.689063 0.050000 0.041406
2 0.189063 0.931250 0.049219 0.038281
3 0.759375 0.659375 0.013281 0.010937
3 0.440625 0.624219 0.014063 0.011719
3 0.500000 0.420312 0.014844 0.013281