0 0.28515625 0.88515625 0.11171875 0.040625
0 0.65546875 0.79765625 0.0765625 0.1296875
0 0.8375 0.67109375 0.0234375 0.1078125
0 0.36015625 0.5890625 0.0828125 0.09296875
0 0.69453125 0.4375 0.09609375 0.1875
1 0.1875 0.696875 0.05546875 0.05
1 0.646875 0.68984375 0.046875 0.03515625
1 0.47890625 0.51328125 0.05859375 0.0359375
1 0.82265625 0.52421875 0.05234375 0.0453125
2 0.8125 0.93515625 0.04140625 0.03125
2 0.396875 0.7984375 0.08125 0.03203125
2 0.515625 0.71640625 0.0421875 0.034375
2 0.309375 0.43828125 0.04921875 0.03828125
2 0.95546875 0.54375 0.04453125 0.02578125
3 0.55859375 0.62421875 0.0140625 0.01015625
3 0.5 0.4203125 0.0140625 0.01171875
3 0.23984375 0.659375 0.01640625 0.0125
3 0.4671875 0.89765625 0.0140625 0.01015625