0 0.714844 0.885156 0.111719 0.040625
0 0.344531 0.797656 0.076563 0.129688
0 0.162500 0.671094 0.023438 0.107813
0 0.639844 0.589063 0.082812 0.092969
0 0.305469 0.437500 0.096094 0.187500
1 0.812500 0.696875 0.055469 0.050000
1 0.353125 0.689844 0.046875 0.035156
1 0.521094 0.513281 0.058594 0.035937
1 0.177344 0.524219 0.052344 0.045312
2 0.187500 0.935156 0.041406 0.031250
2 0.603125 0.798438 0.081250 0.032031
2 0.484375 0.716406 0.042188 0.034375
2 0.690625 0.438281 0.049219 0.038281
2 0.044531 0.543750 0.044531 0.025781
3 0.441406 0.624219 0.014063 0.010156
3 0.500000 0.420312 0.014063 0.011719
3 0.760156 0.659375 0.016406 0.012500
3 0.532813 0.897656 0.014063 0.010156