0 0.357812 0.410156 0.100781 0.104688
0 0.692969 0.564063 0.096094 0.190625
0 0.839063 0.330469 0.025000 0.106250
0 0.656250 0.204688 0.065625 0.118750
0 0.284375 0.114062 0.107813 0.039844
1 0.475781 0.485938 0.052344 0.037500
1 0.828125 0.475000 0.046875 0.042188
1 0.646875 0.310937 0.050000 0.044531
1 0.188281 0.299219 0.050781 0.042188
3 0.239063 0.340625 0.012500 0.014063
3 0.561719 0.376563 0.026562 0.019531
3 0.467969 0.100000 0.013281 0.012500
1 0.724219 0.133594 0.049219 0.039062
2 0.812500 0.067187 0.049219 0.039062
2 0.393750 0.197656 0.060156 0.032031
2 0.513281 0.284375 0.054688 0.028906
2 0.955469 0.457812 0.043750 0.028125
2 0.310937 0.560937 0.053906 0.042969
3 0.500000 0.578906 0.016406 0.013281