0 0.642188 0.589844 0.100781 0.104688
0 0.307031 0.435937 0.096094 0.190625
0 0.160937 0.669531 0.025000 0.106250
0 0.343750 0.795312 0.065625 0.118750
0 0.715625 0.885938 0.107813 0.039844
1 0.524219 0.514062 0.052344 0.037500
1 0.171875 0.525000 0.046875 0.042188
1 0.353125 0.689063 0.050000 0.044531
1 0.811719 0.700781 0.050781 0.042188
3 0.760938 0.659375 0.012500 0.014063
3 0.438281 0.623437 0.026562 0.019531
3 0.532031 0.900000 0.013281 0.012500
1 0.275781 0.866406 0.049219 0.039062
2 0.187500 0.932813 0.049219 0.039062
2 0.606250 0.802344 0.060156 0.032031
2 0.486719 0.715625 0.054688 0.028906
2 0.044531 0.542188 0.043750 0.028125
2 0.689063 0.439063 0.053906 0.042969
3 0.500000 0.421094 0.016406 0.013281