0 0.3578125 0.58984375 0.10078125 0.1046875
0 0.69296875 0.4359375 0.09609375 0.190625
0 0.8390625 0.66953125 0.025 0.10625
0 0.65625 0.7953125 0.065625 0.11875
0 0.284375 0.8859375 0.1078125 0.03984375
1 0.47578125 0.5140625 0.05234375 0.0375
1 0.828125 0.525 0.046875 0.0421875
1 0.646875 0.6890625 0.05 0.04453125
1 0.18828125 0.70078125 0.05078125 0.0421875
3 0.2390625 0.659375 0.0125 0.0140625
3 0.56171875 0.6234375 0.0265625 0.01953125
3 0.46796875 0.9 0.01328125 0.0125
1 0.72421875 0.86640625 0.04921875 0.0390625
2 0.8125 0.9328125 0.04921875 0.0390625
2 0.39375 0.80234375 0.06015625 0.03203125
2 0.51328125 0.715625 0.0546875 0.02890625
2 0.95546875 0.5421875 0.04375 0.028125
2 0.3109375 0.4390625 0.05390625 0.04296875
3 0.5 0.42109375 0.01640625 0.01328125