0 0.46484375 0.55625 0.028125 0.10859375
0 0.87265625 0.55390625 0.184375 0.1578125
0 0.5734375 0.83828125 0.1375 0.0796875
0 0.25 0.75703125 0.090625 0.0640625
1 0.35546875 0.675 0.06015625 0.0375
1 0.6578125 0.6890625 0.05625 0.0421875
1 0.59140625 0.49375 0.0421875 0.03984375
1 0.90234375 0.7515625 0.05390625 0.04765625
1 0.384375 0.9453125 0.05078125 0.0515625
3 0.41015625 0.825 0.0125 0.0109375
3 0.8171875 0.8203125 0.0140625 0.0140625
3 0.54296875 0.615625 0.015625 0.0109375
3 0.74453125 0.44296875 0.0140625 0.0125
3 0.26640625 0.53984375 0.01328125 0.00859375
2 0.2453125 0.88046875 0.0375 0.0328125