0 0.535156 0.556250 0.028125 0.108594
0 0.127344 0.553906 0.184375 0.157812
0 0.426562 0.838281 0.137500 0.079687
0 0.750000 0.757031 0.090625 0.064062
1 0.644531 0.675000 0.060156 0.037500
1 0.342187 0.689063 0.056250 0.042188
1 0.408594 0.493750 0.042188 0.039844
1 0.097656 0.751563 0.053906 0.047656
1 0.615625 0.945312 0.050781 0.051562
3 0.589844 0.825000 0.012500 0.010937
3 0.182813 0.820312 0.014063 0.014063
3 0.457031 0.615625 0.015625 0.010937
3 0.255469 0.442969 0.014063 0.012500
3 0.733594 0.539844 0.013281 0.008594
2 0.754687 0.880469 0.037500 0.032813