0 0.464844 0.443750 0.028125 0.108594
0 0.872656 0.446094 0.184375 0.157812
0 0.573438 0.161719 0.137500 0.079687
0 0.250000 0.242969 0.090625 0.064062
1 0.355469 0.325000 0.060156 0.037500
1 0.657813 0.310937 0.056250 0.042188
1 0.591406 0.506250 0.042188 0.039844
1 0.902344 0.248437 0.053906 0.047656
1 0.384375 0.054688 0.050781 0.051562
3 0.410156 0.175000 0.012500 0.010937
3 0.817187 0.179688 0.014063 0.014063
3 0.542969 0.384375 0.015625 0.010937
3 0.744531 0.557031 0.014063 0.012500
3 0.266406 0.460156 0.013281 0.008594
2 0.245312 0.119531 0.037500 0.032813