1 0.43828125 0.51953125 0.05 0.03984375
1 0.19296875 0.72890625 0.05859375 0.03828125
1 0.64765625 0.67265625 0.04453125 0.04140625
1 0.81484375 0.46875 0.0453125 0.0375
1 0.85 0.84140625 0.04609375 0.0453125
2 0.4953125 0.78046875 0.04375 0.04140625
2 0.2640625 0.76171875 0.06015625 0.0359375
2 0.34921875 0.44453125 0.0421875 0.04140625
2 0.90234375 0.61796875 0.0421875 0.02109375
2 0.9515625 0.934375 0.034375 0.04921875
3 0.28125 0.8234375 0.01796875 0.01484375
3 0.25625 0.51953125 0.0140625 0.0125
0 0.60859375 0.41171875 0.14296875 0.18671875