1 0.19453125 0.7296875 0.04765625 0.04375
1 0.4390625 0.51875 0.05390625 0.0375
1 0.81328125 0.46875 0.04765625 0.04609375
1 0.64765625 0.67578125 0.0453125 0.046875
2 0.49765625 0.77890625 0.0453125 0.03671875
2 0.903125 0.6171875 0.04140625 0.02578125
2 0.94375 0.91953125 0.04375 0.0484375
2 0.3484375 0.4453125 0.0375 0.03671875
0 0.609375 0.4109375 0.14453125 0.18515625
3 0.2546875 0.5203125 0.0109375 0.01015625
3 0.49140625 0.64609375 0.0125 0.01171875
3 0.2796875 0.8234375 0.0109375 0.0109375