1 0.44453125 0.51875 0.06328125 0.04296875
1 0.8140625 0.46796875 0.0515625 0.04609375
1 0.6515625 0.678125 0.06015625 0.05703125
1 0.1984375 0.7328125 0.05078125 0.0375
1 0.85390625 0.83984375 0.0453125 0.04609375
2 0.496875 0.78046875 0.04375 0.03984375
2 0.2625 0.75859375 0.06171875 0.02890625
3 0.48984375 0.646875 0.01484375 0.0140625
3 0.25625 0.51953125 0.0171875 0.01171875
2 0.35 0.446875 0.04765625 0.03515625
2 0.90390625 0.61796875 0.04296875 0.02578125
2 0.94453125 0.921875 0.04375 0.046875
0 0.60703125 0.41328125 0.1375 0.184375
3 0.28203125 0.82109375 0.015625 0.009375