1 0.555469 0.518750 0.063281 0.042969
1 0.185937 0.467969 0.051562 0.046094
1 0.348437 0.678125 0.060156 0.057031
1 0.801562 0.732812 0.050781 0.037500
1 0.146094 0.839844 0.045312 0.046094
2 0.503125 0.780469 0.043750 0.039844
2 0.737500 0.758594 0.061719 0.028906
3 0.510156 0.646875 0.014844 0.014063
3 0.743750 0.519531 0.017188 0.011719
2 0.650000 0.446875 0.047656 0.035156
2 0.096094 0.617969 0.042969 0.025781
2 0.055469 0.921875 0.043750 0.046875
0 0.392969 0.413281 0.137500 0.184375
3 0.717969 0.821094 0.015625 0.009375