1 0.444531 0.481250 0.063281 0.042969
1 0.814063 0.532031 0.051562 0.046094
1 0.651563 0.321875 0.060156 0.057031
1 0.198437 0.267188 0.050781 0.037500
1 0.853906 0.160156 0.045312 0.046094
2 0.496875 0.219531 0.043750 0.039844
2 0.262500 0.241406 0.061719 0.028906
3 0.489844 0.353125 0.014844 0.014063
3 0.256250 0.480469 0.017188 0.011719
2 0.350000 0.553125 0.047656 0.035156
2 0.903906 0.382031 0.042969 0.025781
2 0.944531 0.078125 0.043750 0.046875
0 0.607031 0.586719 0.137500 0.184375
3 0.282031 0.178906 0.015625 0.009375