1 0.19609375 0.73125 0.0453125 0.040625
1 0.44296875 0.5203125 0.05859375 0.03125
1 0.65 0.675 0.04375 0.03984375
1 0.815625 0.46640625 0.0515625 0.04765625
2 0.496875 0.77734375 0.040625 0.0359375
2 0.94375 0.92734375 0.0453125 0.03984375
2 0.35 0.4484375 0.04296875 0.03828125
3 0.25546875 0.5203125 0.01953125 0.01171875
3 0.4921875 0.646875 0.015625 0.01328125
3 0.67578125 0.896875 0.0109375 0.0125
3 0.28046875 0.821875 0.0125 0.0125
2 0.90234375 0.6171875 0.0390625 0.028125
0 0.61015625 0.4109375 0.1421875 0.1875