1 0.197656 0.270312 0.046094 0.044531
1 0.650000 0.325000 0.039062 0.035937
1 0.853125 0.157031 0.046094 0.042188
2 0.497656 0.221875 0.046094 0.039844
2 0.944531 0.075000 0.046875 0.036719
2 0.903906 0.382031 0.045312 0.024219
2 0.347656 0.552344 0.050781 0.041406
1 0.438281 0.481250 0.061719 0.036719
1 0.816406 0.530469 0.046094 0.039062
0 0.609375 0.588281 0.146094 0.185938
3 0.255469 0.479688 0.021094 0.014844
3 0.490625 0.353125 0.021875 0.014844
2 0.264062 0.242969 0.057813 0.031250
3 0.280469 0.179688 0.014063 0.010937
3 0.675781 0.105469 0.014844 0.013281