1 0.802344 0.729688 0.046094 0.044531
1 0.350000 0.675000 0.039062 0.035937
1 0.146875 0.842969 0.046094 0.042188
2 0.502344 0.778125 0.046094 0.039844
2 0.055469 0.925000 0.046875 0.036719
2 0.096094 0.617969 0.045312 0.024219
2 0.652344 0.447656 0.050781 0.041406
1 0.561719 0.518750 0.061719 0.036719
1 0.183594 0.469531 0.046094 0.039062
0 0.390625 0.411719 0.146094 0.185938
3 0.744531 0.520312 0.021094 0.014844
3 0.509375 0.646875 0.021875 0.014844
2 0.735938 0.757031 0.057813 0.031250
3 0.719531 0.820312 0.014063 0.010937
3 0.324219 0.894531 0.014844 0.013281