1 0.19765625 0.7296875 0.04609375 0.04453125
1 0.65 0.675 0.0390625 0.0359375
1 0.853125 0.84296875 0.04609375 0.0421875
2 0.49765625 0.778125 0.04609375 0.03984375
2 0.94453125 0.925 0.046875 0.03671875
2 0.90390625 0.61796875 0.0453125 0.02421875
2 0.34765625 0.44765625 0.05078125 0.04140625
1 0.43828125 0.51875 0.06171875 0.03671875
1 0.81640625 0.46953125 0.04609375 0.0390625
0 0.609375 0.41171875 0.14609375 0.1859375
3 0.25546875 0.5203125 0.02109375 0.01484375
3 0.490625 0.646875 0.021875 0.01484375
2 0.2640625 0.75703125 0.0578125 0.03125
3 0.28046875 0.8203125 0.0140625 0.0109375
3 0.67578125 0.89453125 0.01484375 0.01328125