1 0.555469 0.517188 0.064844 0.036719
1 0.805469 0.729688 0.051562 0.043750
1 0.353906 0.676562 0.048438 0.045312
1 0.185937 0.467187 0.048438 0.046094
2 0.500781 0.781250 0.042188 0.040625
2 0.053125 0.925000 0.049219 0.039062
2 0.096875 0.617969 0.044531 0.027344
2 0.650000 0.446875 0.037500 0.039844
3 0.744531 0.520312 0.010937 0.010156
3 0.509375 0.646094 0.011719 0.014063
3 0.246094 0.520312 0.014844 0.011719
3 0.324219 0.896875 0.014844 0.012500
0 0.389844 0.410938 0.143750 0.185938
3 0.719531 0.821875 0.010937 0.009375