1 0.44453125 0.5171875 0.06484375 0.03671875
1 0.19453125 0.7296875 0.0515625 0.04375
1 0.64609375 0.6765625 0.0484375 0.0453125
1 0.8140625 0.4671875 0.0484375 0.04609375
2 0.49921875 0.78125 0.0421875 0.040625
2 0.946875 0.925 0.04921875 0.0390625
2 0.903125 0.61796875 0.04453125 0.02734375
2 0.35 0.446875 0.0375 0.03984375
3 0.25546875 0.5203125 0.0109375 0.01015625
3 0.490625 0.64609375 0.01171875 0.0140625
3 0.75390625 0.5203125 0.01484375 0.01171875
3 0.67578125 0.896875 0.01484375 0.0125
0 0.61015625 0.4109375 0.14375 0.1859375
3 0.28046875 0.821875 0.0109375 0.009375