1 0.804688 0.728906 0.050000 0.042969
1 0.353906 0.678906 0.043750 0.040625
1 0.147656 0.843750 0.046875 0.040625
1 0.556250 0.520312 0.062500 0.036719
1 0.184375 0.468750 0.049219 0.045312
2 0.734375 0.760938 0.061719 0.032813
2 0.502344 0.779687 0.039062 0.034375
2 0.651563 0.446094 0.039062 0.038281
2 0.096094 0.617188 0.041406 0.028906
2 0.059375 0.921875 0.037500 0.041406
3 0.322656 0.896875 0.013281 0.013281
3 0.508594 0.646875 0.015625 0.011719
3 0.742969 0.520312 0.015625 0.014063
3 0.248437 0.519531 0.013281 0.012500
0 0.390625 0.411719 0.139844 0.186719
3 0.718750 0.821875 0.014063 0.012500