1 0.1953125 0.72890625 0.05 0.04296875
1 0.64609375 0.67890625 0.04375 0.040625
1 0.85234375 0.84375 0.046875 0.040625
1 0.44375 0.5203125 0.0625 0.03671875
1 0.815625 0.46875 0.04921875 0.0453125
2 0.265625 0.7609375 0.06171875 0.0328125
2 0.49765625 0.7796875 0.0390625 0.034375
2 0.3484375 0.44609375 0.0390625 0.03828125
2 0.90390625 0.6171875 0.04140625 0.02890625
2 0.940625 0.921875 0.0375 0.04140625
3 0.67734375 0.896875 0.01328125 0.01328125
3 0.49140625 0.646875 0.015625 0.01171875
3 0.25703125 0.5203125 0.015625 0.0140625
3 0.7515625 0.51953125 0.01328125 0.0125
0 0.609375 0.41171875 0.13984375 0.18671875
3 0.28125 0.821875 0.0140625 0.0125