2 0.353125 0.4453125 0.04375 0.04765625
2 0.26171875 0.75859375 0.0578125 0.03515625
2 0.496875 0.7765625 0.05625 0.04765625
2 0.94609375 0.92734375 0.040625 0.0359375
2 0.90390625 0.61796875 0.04453125 0.0265625
0 0.47109375 0.93828125 0.1125 0.03984375
1 0.1953125 0.73046875 0.046875 0.04453125
1 0.6453125 0.6734375 0.04921875 0.0515625
1 0.4421875 0.5203125 0.0625 0.03515625
1 0.815625 0.46796875 0.04375 0.05
1 0.853125 0.840625 0.04921875 0.046875
0 0.609375 0.4109375 0.14296875 0.18515625
3 0.2828125 0.82109375 0.0125 0.01484375