1 0.1953125 0.72890625 0.05078125 0.04296875
1 0.6453125 0.67109375 0.04921875 0.0453125
1 0.440625 0.5203125 0.06015625 0.0390625
1 0.815625 0.46796875 0.046875 0.0421875
2 0.903125 0.61796875 0.04296875 0.0234375
2 0.50078125 0.77890625 0.0484375 0.03828125
2 0.9484375 0.9265625 0.0421875 0.03671875
0 0.46953125 0.93671875 0.1125 0.040625
3 0.28125 0.821875 0.015625 0.01640625
3 0.25546875 0.5203125 0.0171875 0.015625
2 0.34296875 0.4453125 0.0578125 0.06015625
0 0.609375 0.4125 0.140625 0.1859375