0 0.6140625 0.41328125 0.14921875 0.18515625
0 0.47109375 0.9375 0.1125 0.0375
2 0.2640625 0.75859375 0.06015625 0.03125
2 0.496875 0.778125 0.0375 0.040625
2 0.940625 0.9203125 0.0453125 0.040625
2 0.903125 0.6171875 0.0421875 0.02578125
1 0.815625 0.4671875 0.04765625 0.04453125
1 0.440625 0.525 0.090625 0.053125
1 0.64765625 0.67421875 0.04296875 0.03984375
1 0.85 0.840625 0.046875 0.0484375
1 0.1953125 0.73125 0.05 0.0390625
2 0.346875 0.4421875 0.053125 0.04375
3 0.25625 0.521875 0.01484375 0.015625
3 0.28046875 0.82109375 0.009375 0.01171875