0 0.614062 0.586719 0.149219 0.185156
0 0.471094 0.062500 0.112500 0.037500
2 0.264062 0.241406 0.060156 0.031250
2 0.496875 0.221875 0.037500 0.040625
2 0.940625 0.079688 0.045312 0.040625
2 0.903125 0.382812 0.042188 0.025781
1 0.815625 0.532813 0.047656 0.044531
1 0.440625 0.475000 0.090625 0.053125
1 0.647656 0.325781 0.042969 0.039844
1 0.850000 0.159375 0.046875 0.048438
1 0.195312 0.268750 0.050000 0.039062
2 0.346875 0.557813 0.053125 0.043750
3 0.256250 0.478125 0.014844 0.015625
3 0.280469 0.178906 0.009375 0.011719