0 0.385938 0.413281 0.149219 0.185156
0 0.528906 0.937500 0.112500 0.037500
2 0.735938 0.758594 0.060156 0.031250
2 0.503125 0.778125 0.037500 0.040625
2 0.059375 0.920312 0.045312 0.040625
2 0.096875 0.617188 0.042188 0.025781
1 0.184375 0.467187 0.047656 0.044531
1 0.559375 0.525000 0.090625 0.053125
1 0.352344 0.674219 0.042969 0.039844
1 0.150000 0.840625 0.046875 0.048438
1 0.804688 0.731250 0.050000 0.039062
2 0.653125 0.442188 0.053125 0.043750
3 0.743750 0.521875 0.014844 0.015625
3 0.719531 0.821094 0.009375 0.011719