1 0.19375 0.72734375 0.046875 0.0453125
1 0.44453125 0.5203125 0.06796875 0.03203125
1 0.6484375 0.675 0.04765625 0.04765625
1 0.815625 0.46796875 0.04609375 0.0453125
2 0.496875 0.778125 0.04609375 0.046875
3 0.28046875 0.821875 0.01640625 0.0109375
3 0.4890625 0.64453125 0.0171875 0.01484375
2 0.34921875 0.44609375 0.0390625 0.03984375
2 0.903125 0.6171875 0.04375 0.0234375
2 0.9421875 0.925 0.0453125 0.04765625
0 0.47109375 0.9375 0.115625 0.0375
3 0.25625 0.5203125 0.01484375 0.0140625
0 0.609375 0.409375 0.14453125 0.19140625