1 0.801562 0.728906 0.051562 0.045312
1 0.555469 0.518750 0.067969 0.037500
1 0.351562 0.675781 0.049219 0.038281
1 0.182813 0.468750 0.042188 0.047656
1 0.140625 0.846094 0.063281 0.048438
0 0.529687 0.937500 0.114062 0.039844
0 0.390625 0.412500 0.139844 0.185938
2 0.652344 0.446875 0.039844 0.044531
2 0.095313 0.617969 0.046094 0.027344
2 0.503125 0.779687 0.047656 0.041406
2 0.732031 0.761719 0.067187 0.035937
2 0.053906 0.926562 0.042969 0.035937
3 0.508594 0.646875 0.014063 0.014844
3 0.743750 0.520312 0.014844 0.014844
3 0.719531 0.821875 0.010937 0.011719