1 0.1984375 0.72890625 0.0515625 0.0453125
1 0.44453125 0.51875 0.06796875 0.0375
1 0.6484375 0.67578125 0.04921875 0.03828125
1 0.8171875 0.46875 0.0421875 0.04765625
1 0.859375 0.84609375 0.06328125 0.0484375
0 0.4703125 0.9375 0.1140625 0.03984375
0 0.609375 0.4125 0.13984375 0.1859375
2 0.34765625 0.446875 0.03984375 0.04453125
2 0.9046875 0.61796875 0.04609375 0.02734375
2 0.496875 0.7796875 0.04765625 0.04140625
2 0.26796875 0.76171875 0.0671875 0.0359375
2 0.94609375 0.9265625 0.04296875 0.0359375
3 0.49140625 0.646875 0.0140625 0.01484375
3 0.25625 0.5203125 0.01484375 0.01484375
3 0.28046875 0.821875 0.0109375 0.01171875