1 0.198437 0.271094 0.051562 0.045312
1 0.444531 0.481250 0.067969 0.037500
1 0.648438 0.324219 0.049219 0.038281
1 0.817187 0.531250 0.042188 0.047656
1 0.859375 0.153906 0.063281 0.048438
0 0.470313 0.062500 0.114062 0.039844
0 0.609375 0.587500 0.139844 0.185938
2 0.347656 0.553125 0.039844 0.044531
2 0.904687 0.382031 0.046094 0.027344
2 0.496875 0.220313 0.047656 0.041406
2 0.267969 0.238281 0.067187 0.035937
2 0.946094 0.073438 0.042969 0.035937
3 0.491406 0.353125 0.014063 0.014844
3 0.256250 0.479688 0.014844 0.014844
3 0.280469 0.178125 0.010937 0.011719