0 0.4703125 0.93671875 0.11328125 0.0375
0 0.609375 0.4109375 0.14140625 0.18671875
1 0.6453125 0.67578125 0.05234375 0.040625
1 0.44453125 0.51875 0.065625 0.03671875
1 0.81328125 0.4671875 0.0515625 0.04453125
2 0.4953125 0.7765625 0.04140625 0.034375
2 0.903125 0.61484375 0.04296875 0.0328125
2 0.94609375 0.92421875 0.0375 0.03125
3 0.6765625 0.89765625 0.01484375 0.01484375
3 0.49140625 0.64765625 0.0140625 0.01328125
3 0.2546875 0.5203125 0.01640625 0.015625
3 0.2828125 0.82109375 0.0125 0.0109375