1 0.19453125 0.72890625 0.04453125 0.04453125
1 0.44375 0.51796875 0.06328125 0.03515625
1 0.646875 0.675 0.05234375 0.04140625
1 0.815625 0.46875 0.04375 0.0421875
0 0.4703125 0.9375 0.11484375 0.03828125
0 0.60859375 0.4125 0.14296875 0.18671875
2 0.3484375 0.44453125 0.04140625 0.04140625
2 0.903125 0.61875 0.04609375 0.0234375
2 0.4984375 0.78046875 0.03828125 0.0375
2 0.9484375 0.9265625 0.04296875 0.03359375
3 0.6765625 0.896875 0.01328125 0.0109375
3 0.49140625 0.6453125 0.0125 0.01328125
3 0.28125 0.82109375 0.0140625 0.01171875
3 0.25546875 0.52109375 0.0125 0.0109375