1 0.194531 0.271094 0.044531 0.044531
1 0.443750 0.482031 0.063281 0.035156
1 0.646875 0.325000 0.052344 0.041406
1 0.815625 0.531250 0.043750 0.042188
0 0.470313 0.062500 0.114844 0.038281
0 0.608594 0.587500 0.142969 0.186719
2 0.348438 0.555469 0.041406 0.041406
2 0.903125 0.381250 0.046094 0.023438
2 0.498437 0.219531 0.038281 0.037500
2 0.948438 0.073438 0.042969 0.033594
3 0.676562 0.103125 0.013281 0.010937
3 0.491406 0.354688 0.012500 0.013281
3 0.281250 0.178906 0.014063 0.011719
3 0.255469 0.478906 0.012500 0.010937