1 0.805469 0.728906 0.044531 0.044531
1 0.556250 0.517969 0.063281 0.035156
1 0.353125 0.675000 0.052344 0.041406
1 0.184375 0.468750 0.043750 0.042188
0 0.529687 0.937500 0.114844 0.038281
0 0.391406 0.412500 0.142969 0.186719
2 0.651563 0.444531 0.041406 0.041406
2 0.096875 0.618750 0.046094 0.023438
2 0.501563 0.780469 0.038281 0.037500
2 0.051562 0.926562 0.042969 0.033594
3 0.323438 0.896875 0.013281 0.010937
3 0.508594 0.645312 0.012500 0.013281
3 0.718750 0.821094 0.014063 0.011719
3 0.744531 0.521094 0.012500 0.010937