1 0.19765625 0.73046875 0.04765625 0.04140625
1 0.4453125 0.51875 0.065625 0.0375
1 0.8140625 0.46484375 0.04921875 0.0515625
1 0.646875 0.6734375 0.046875 0.0484375
1 0.8515625 0.840625 0.04765625 0.046875
0 0.471875 0.9375 0.11484375 0.040625
0 0.60859375 0.4125 0.1421875 0.1859375
2 0.34921875 0.4453125 0.04375 0.04140625
2 0.9046875 0.6171875 0.04375 0.02578125
2 0.49609375 0.77734375 0.04140625 0.03671875
2 0.2640625 0.759375 0.06015625 0.03203125
3 0.25546875 0.5203125 0.01484375 0.01171875
3 0.490625 0.64609375 0.0140625 0.01484375
3 0.6765625 0.89609375 0.0109375 0.009375
3 0.28046875 0.82109375 0.01328125 0.0140625
2 0.94609375 0.925 0.03671875 0.03515625