1 0.802344 0.730469 0.047656 0.041406
1 0.554688 0.518750 0.065625 0.037500
1 0.185937 0.464844 0.049219 0.051562
1 0.353125 0.673438 0.046875 0.048438
1 0.148438 0.840625 0.047656 0.046875
0 0.528125 0.937500 0.114844 0.040625
0 0.391406 0.412500 0.142187 0.185938
2 0.650781 0.445312 0.043750 0.041406
2 0.095313 0.617188 0.043750 0.025781
2 0.503906 0.777344 0.041406 0.036719
2 0.735938 0.759375 0.060156 0.032031
3 0.744531 0.520312 0.014844 0.011719
3 0.509375 0.646094 0.014063 0.014844
3 0.323438 0.896094 0.010937 0.009375
3 0.719531 0.821094 0.013281 0.014063
2 0.053906 0.925000 0.036719 0.035156