1 0.4421875 0.51875 0.059375 0.03515625
1 0.81328125 0.46640625 0.0515625 0.04921875
1 0.64765625 0.67421875 0.04296875 0.03984375
2 0.49609375 0.77734375 0.03828125 0.03515625
2 0.946875 0.92578125 0.0390625 0.03203125
3 0.48984375 0.64609375 0.0125 0.01328125
3 0.75234375 0.5203125 0.01484375 0.01171875
2 0.9046875 0.61796875 0.040625 0.02421875
0 0.47109375 0.9375 0.1140625 0.03828125
3 0.67734375 0.89609375 0.0171875 0.0125
0 0.609375 0.4109375 0.14140625 0.18515625
3 0.25625 0.51953125 0.015625 0.0125
3 0.28046875 0.82109375 0.01171875 0.01171875