1 0.1953125 0.72890625 0.0546875 0.04296875
1 0.64296875 0.671875 0.05546875 0.04375
1 0.4453125 0.51875 0.0640625 0.03671875
1 0.8125 0.46796875 0.0484375 0.04453125
2 0.49609375 0.77890625 0.0421875 0.0359375
2 0.94609375 0.9265625 0.0421875 0.034375
2 0.90234375 0.6171875 0.046875 0.025
3 0.49140625 0.6453125 0.01171875 0.01015625
3 0.25546875 0.5203125 0.01328125 0.01171875
3 0.75234375 0.51953125 0.01171875 0.01015625
3 0.2796875 0.821875 0.01484375 0.0125
3 0.6765625 0.896875 0.0140625 0.0125
0 0.46875 0.93828125 0.11328125 0.0375
2 0.34765625 0.44765625 0.04140625 0.04140625
0 0.60859375 0.41171875 0.14296875 0.18515625