1 0.804688 0.728906 0.054688 0.042969
1 0.357031 0.671875 0.055469 0.043750
1 0.554688 0.518750 0.064062 0.036719
1 0.187500 0.467969 0.048438 0.044531
2 0.503906 0.778906 0.042188 0.035937
2 0.053906 0.926562 0.042188 0.034375
2 0.097656 0.617188 0.046875 0.025000
3 0.508594 0.645312 0.011719 0.010156
3 0.744531 0.520312 0.013281 0.011719
3 0.247656 0.519531 0.011719 0.010156
3 0.720313 0.821875 0.014844 0.012500
3 0.323438 0.896875 0.014063 0.012500
0 0.531250 0.938281 0.113281 0.037500
2 0.652344 0.447656 0.041406 0.041406
0 0.391406 0.411719 0.142969 0.185156