1 0.4453125 0.51875 0.0640625 0.03515625
1 0.81640625 0.4671875 0.04453125 0.04140625
1 0.64609375 0.6734375 0.0453125 0.04296875
1 0.19453125 0.728125 0.05 0.04453125
1 0.8484375 0.84140625 0.04609375 0.03984375
2 0.34765625 0.44453125 0.0421875 0.0421875
2 0.4953125 0.7765625 0.0421875 0.03828125
2 0.90390625 0.6171875 0.04765625 0.025
0 0.609375 0.41171875 0.1421875 0.18515625
3 0.25546875 0.5203125 0.01328125 0.0109375
3 0.490625 0.64609375 0.0125 0.01171875
3 0.753125 0.5203125 0.0125 0.009375
2 0.26328125 0.759375 0.0578125 0.03125
0 0.4703125 0.93671875 0.1140625 0.0390625
3 0.28046875 0.82265625 0.01171875 0.0125
3 0.67734375 0.896875 0.0125 0.01171875
2 0.9453125 0.925 0.0421875 0.03515625