1 0.554688 0.518750 0.064062 0.035156
1 0.183594 0.467187 0.044531 0.041406
1 0.353906 0.673438 0.045312 0.042969
1 0.805469 0.728125 0.050000 0.044531
1 0.151563 0.841406 0.046094 0.039844
2 0.652344 0.444531 0.042188 0.042188
2 0.504687 0.776563 0.042188 0.038281
2 0.096094 0.617188 0.047656 0.025000
0 0.390625 0.411719 0.142187 0.185156
3 0.744531 0.520312 0.013281 0.010937
3 0.509375 0.646094 0.012500 0.011719
3 0.246875 0.520312 0.012500 0.009375
2 0.736719 0.759375 0.057813 0.031250
0 0.529687 0.936719 0.114062 0.039062
3 0.719531 0.822656 0.011719 0.012500
3 0.322656 0.896875 0.012500 0.011719
2 0.054688 0.925000 0.042188 0.035156