1 0.44609375 0.5171875 0.065625 0.03359375
1 0.19609375 0.72734375 0.05 0.04609375
1 0.6484375 0.6734375 0.0484375 0.04140625
1 0.81484375 0.4671875 0.0453125 0.04453125
0 0.7625 0.7546875 0.0171875 0.12578125
0 0.47109375 0.9375 0.1140625 0.0375
0 0.609375 0.4109375 0.14296875 0.1859375
2 0.34921875 0.44453125 0.03828125 0.03671875
2 0.4953125 0.778125 0.040625 0.03515625
2 0.90390625 0.61796875 0.04375 0.021875
2 0.946875 0.92578125 0.03515625 0.03046875
3 0.2796875 0.821875 0.01328125 0.0109375