2 0.737500 0.757031 0.053125 0.028125
2 0.500781 0.778125 0.042969 0.034375
2 0.053125 0.925781 0.039844 0.035937
0 0.529687 0.939063 0.112500 0.039844
3 0.236719 0.755469 0.016406 0.125000
0 0.389844 0.411719 0.140625 0.185938
1 0.802344 0.728906 0.047656 0.041406
1 0.346094 0.672656 0.030469 0.042188
1 0.554688 0.517969 0.063281 0.038281
1 0.184375 0.467969 0.047656 0.043750
1 0.147656 0.838281 0.046875 0.049219
2 0.096875 0.620313 0.041406 0.030469
2 0.651563 0.444531 0.039062 0.039844
3 0.717969 0.821875 0.010937 0.009375