2 0.2625 0.75703125 0.053125 0.028125
2 0.49921875 0.778125 0.04296875 0.034375
2 0.946875 0.92578125 0.03984375 0.0359375
0 0.4703125 0.9390625 0.1125 0.03984375
3 0.76328125 0.75546875 0.01640625 0.125
0 0.61015625 0.41171875 0.140625 0.1859375
1 0.19765625 0.72890625 0.04765625 0.04140625
1 0.65390625 0.67265625 0.03046875 0.0421875
1 0.4453125 0.51796875 0.06328125 0.03828125
1 0.815625 0.46796875 0.04765625 0.04375
1 0.85234375 0.83828125 0.046875 0.04921875
2 0.903125 0.6203125 0.04140625 0.03046875
2 0.3484375 0.44453125 0.0390625 0.03984375
3 0.28203125 0.821875 0.0109375 0.009375