2 0.262500 0.242969 0.053125 0.028125
2 0.499219 0.221875 0.042969 0.034375
2 0.946875 0.074219 0.039844 0.035937
0 0.470313 0.060937 0.112500 0.039844
3 0.763281 0.244531 0.016406 0.125000
0 0.610156 0.588281 0.140625 0.185938
1 0.197656 0.271094 0.047656 0.041406
1 0.653906 0.327344 0.030469 0.042188
1 0.445312 0.482031 0.063281 0.038281
1 0.815625 0.532031 0.047656 0.043750
1 0.852344 0.161719 0.046875 0.049219
2 0.903125 0.379687 0.041406 0.030469
2 0.348438 0.555469 0.039062 0.039844
3 0.282031 0.178125 0.010937 0.009375