1 0.1953125 0.7265625 0.04921875 0.0484375
1 0.64609375 0.6734375 0.04453125 0.04453125
1 0.44453125 0.51875 0.06640625 0.03515625
1 0.815625 0.46796875 0.04453125 0.04296875
0 0.609375 0.4109375 0.14296875 0.18203125
2 0.346875 0.4453125 0.0421875 0.040625
2 0.903125 0.61875 0.0421875 0.025
0 0.7625 0.75390625 0.0171875 0.12109375
2 0.4953125 0.778125 0.0375 0.03828125
2 0.9453125 0.9234375 0.06953125 0.04453125
0 0.471875 0.93828125 0.1140625 0.0375
3 0.25625 0.51953125 0.0140625 0.0125
3 0.28125 0.82109375 0.00859375 0.01015625