1 0.1953125 0.728125 0.04609375 0.04375
1 0.64765625 0.67421875 0.0453125 0.0421875
1 0.85078125 0.8375 0.0484375 0.05234375
2 0.4984375 0.7796875 0.03984375 0.03671875
2 0.2640625 0.76015625 0.05703125 0.0328125
3 0.28203125 0.821875 0.0125 0.01328125
3 0.25546875 0.51953125 0.0140625 0.009375
0 0.47109375 0.93671875 0.1140625 0.0390625
0 0.7640625 0.75546875 0.01796875 0.121875
2 0.946875 0.9265625 0.0390625 0.03671875
2 0.903125 0.61640625 0.046875 0.02578125
1 0.81484375 0.46484375 0.04609375 0.0453125
1 0.4453125 0.51796875 0.065625 0.0375
2 0.3484375 0.4453125 0.04140625 0.0390625
0 0.609375 0.4109375 0.14296875 0.18515625