1 0.804688 0.728125 0.046094 0.043750
1 0.352344 0.674219 0.045312 0.042188
1 0.149219 0.837500 0.048438 0.052344
2 0.501563 0.779687 0.039844 0.036719
2 0.735938 0.760156 0.057031 0.032813
3 0.717969 0.821875 0.012500 0.013281
3 0.744531 0.519531 0.014063 0.009375
0 0.528906 0.936719 0.114062 0.039062
0 0.235938 0.755469 0.017969 0.121875
2 0.053125 0.926562 0.039062 0.036719
2 0.096875 0.616406 0.046875 0.025781
1 0.185156 0.464844 0.046094 0.045312
1 0.554688 0.517969 0.065625 0.037500
2 0.651563 0.445312 0.041406 0.039062
0 0.390625 0.410938 0.142969 0.185156