1 0.44453125 0.51953125 0.06484375 0.03515625
1 0.81328125 0.4671875 0.05078125 0.04609375
1 0.64765625 0.67265625 0.040625 0.04453125
0 0.46953125 0.93671875 0.11328125 0.0375
0 0.76328125 0.753125 0.0140625 0.1203125
0 0.60859375 0.41171875 0.1390625 0.184375
3 0.25625 0.5203125 0.0140625 0.01171875
3 0.48984375 0.64609375 0.01328125 0.0140625
2 0.496875 0.778125 0.040625 0.03515625
2 0.90390625 0.61875 0.04296875 0.021875
2 0.946875 0.925 0.040625 0.0328125
3 0.28046875 0.82109375 0.0125 0.0109375