1 0.19453125 0.73046875 0.0484375 0.040625
1 0.4453125 0.51953125 0.06484375 0.03515625
1 0.81484375 0.46875 0.046875 0.04609375
1 0.646875 0.67421875 0.04609375 0.04140625
2 0.496875 0.778125 0.03984375 0.0375
2 0.90390625 0.6171875 0.04140625 0.0234375
2 0.9421875 0.9234375 0.05078125 0.03359375
0 0.76328125 0.7546875 0.01796875 0.11953125
0 0.4703125 0.9375 0.1140625 0.03984375
0 0.61015625 0.4125 0.1421875 0.184375
2 0.3484375 0.44453125 0.0390625 0.03984375
3 0.25546875 0.51953125 0.01484375 0.01015625
3 0.490625 0.6453125 0.0125 0.0109375
3 0.27890625 0.8203125 0.01171875 0.01171875