1 0.805469 0.730469 0.048438 0.040625
1 0.554688 0.519531 0.064844 0.035156
1 0.185156 0.468750 0.046875 0.046094
1 0.353125 0.674219 0.046094 0.041406
2 0.503125 0.778125 0.039844 0.037500
2 0.096094 0.617188 0.041406 0.023438
2 0.057813 0.923438 0.050781 0.033594
0 0.236719 0.754687 0.017969 0.119531
0 0.529687 0.937500 0.114062 0.039844
0 0.389844 0.412500 0.142187 0.184375
2 0.651563 0.444531 0.039062 0.039844
3 0.744531 0.519531 0.014844 0.010156
3 0.509375 0.645312 0.012500 0.010937
3 0.721094 0.820312 0.011719 0.011719