1 0.194531 0.269531 0.048438 0.040625
1 0.445312 0.480469 0.064844 0.035156
1 0.814844 0.531250 0.046875 0.046094
1 0.646875 0.325781 0.046094 0.041406
2 0.496875 0.221875 0.039844 0.037500
2 0.903906 0.382812 0.041406 0.023438
2 0.942187 0.076562 0.050781 0.033594
0 0.763281 0.245313 0.017969 0.119531
0 0.470313 0.062500 0.114062 0.039844
0 0.610156 0.587500 0.142187 0.184375
2 0.348438 0.555469 0.039062 0.039844
3 0.255469 0.480469 0.014844 0.010156
3 0.490625 0.354688 0.012500 0.010937
3 0.278906 0.179688 0.011719 0.011719