1 0.6484375 0.67578125 0.04140625 0.03828125
1 0.44453125 0.51796875 0.0625 0.034375
1 0.81640625 0.4671875 0.04296875 0.04296875
1 0.19453125 0.72890625 0.04609375 0.03984375
1 0.8515625 0.83984375 0.04609375 0.046875
2 0.3484375 0.4453125 0.040625 0.03984375
2 0.9453125 0.92578125 0.0421875 0.03359375
2 0.49609375 0.7796875 0.0375 0.03515625
0 0.47109375 0.93828125 0.1125 0.03828125
0 0.7625 0.75390625 0.01484375 0.12109375
3 0.490625 0.64609375 0.0140625 0.0109375
3 0.25546875 0.5203125 0.01484375 0.0140625
0 0.61015625 0.41328125 0.140625 0.18359375
2 0.90390625 0.61875 0.0421875 0.02265625
2 0.2640625 0.76015625 0.0578125 0.0296875
3 0.28046875 0.82109375 0.009375 0.01171875