1 0.351562 0.675781 0.041406 0.038281
1 0.555469 0.517969 0.062500 0.034375
1 0.183594 0.467187 0.042969 0.042969
1 0.805469 0.728906 0.046094 0.039844
1 0.148438 0.839844 0.046094 0.046875
2 0.651563 0.445312 0.040625 0.039844
2 0.054688 0.925781 0.042188 0.033594
2 0.503906 0.779687 0.037500 0.035156
0 0.528906 0.938281 0.112500 0.038281
0 0.237500 0.753906 0.014844 0.121094
3 0.509375 0.646094 0.014063 0.010937
3 0.744531 0.520312 0.014844 0.014063
0 0.389844 0.413281 0.140625 0.183594
2 0.096094 0.618750 0.042188 0.022656
2 0.735938 0.760156 0.057813 0.029687
3 0.719531 0.821094 0.009375 0.011719