3 0.490625 0.6453125 0.0125 0.0109375
3 0.2546875 0.5203125 0.0125 0.0109375
3 0.28046875 0.821875 0.0125 0.01171875
3 0.67578125 0.89609375 0.01015625 0.0078125
0 0.47109375 0.93828125 0.1140625 0.0390625
0 0.76328125 0.75390625 0.01484375 0.1203125
0 0.6078125 0.4109375 0.1421875 0.184375
1 0.815625 0.4671875 0.04765625 0.046875
1 0.446875 0.51875 0.06796875 0.03671875
2 0.903125 0.6171875 0.040625 0.0234375
2 0.496875 0.77734375 0.03828125 0.034375
2 0.94375 0.9265625 0.0421875 0.03125
1 0.6453125 0.67421875 0.04765625 0.0484375