1 0.554688 0.519531 0.067969 0.036719
1 0.183594 0.467969 0.045312 0.042969
1 0.352344 0.674219 0.044531 0.037500
1 0.804688 0.730469 0.046094 0.039062
0 0.529687 0.938281 0.111719 0.037500
0 0.236719 0.753906 0.016406 0.119531
0 0.390625 0.412500 0.141406 0.183594
2 0.652344 0.443750 0.042188 0.038281
2 0.096875 0.617188 0.042188 0.021875
2 0.503906 0.780469 0.035937 0.032813
3 0.744531 0.521094 0.015625 0.010937
3 0.510156 0.646094 0.012500 0.010937
3 0.720313 0.821875 0.012500 0.010156
3 0.324219 0.896094 0.014844 0.010156
2 0.057813 0.926562 0.039844 0.032813