1 0.4453125 0.51953125 0.06796875 0.03671875
1 0.81640625 0.46796875 0.0453125 0.04296875
1 0.64765625 0.67421875 0.04453125 0.0375
1 0.1953125 0.73046875 0.04609375 0.0390625
0 0.4703125 0.93828125 0.11171875 0.0375
0 0.76328125 0.75390625 0.01640625 0.11953125
0 0.609375 0.4125 0.14140625 0.18359375
2 0.34765625 0.44375 0.0421875 0.03828125
2 0.903125 0.6171875 0.0421875 0.021875
2 0.49609375 0.78046875 0.0359375 0.0328125
3 0.25546875 0.52109375 0.015625 0.0109375
3 0.48984375 0.64609375 0.0125 0.0109375
3 0.2796875 0.821875 0.0125 0.01015625
3 0.67578125 0.89609375 0.01484375 0.01015625
2 0.9421875 0.9265625 0.03984375 0.0328125