1 0.554688 0.518750 0.062500 0.038281
1 0.184375 0.468750 0.049219 0.042188
1 0.353906 0.675000 0.042969 0.042969
1 0.803906 0.732031 0.044531 0.040625
1 0.149219 0.838281 0.048438 0.047656
0 0.236719 0.755469 0.017969 0.122656
0 0.528125 0.938281 0.116406 0.039844
0 0.391406 0.411719 0.139844 0.185156
2 0.096094 0.617969 0.042188 0.023438
2 0.653906 0.445312 0.042188 0.039844
2 0.503906 0.778906 0.042188 0.035156
3 0.745313 0.520312 0.014844 0.013281
3 0.510156 0.646094 0.014063 0.013281
3 0.325781 0.897656 0.016406 0.014063
2 0.058594 0.925781 0.035156 0.039062
2 0.735156 0.759375 0.060937 0.032813
3 0.719531 0.821875 0.010937 0.010937