1 0.445312 0.481250 0.062500 0.038281
1 0.815625 0.531250 0.049219 0.042188
1 0.646094 0.325000 0.042969 0.042969
1 0.196094 0.267969 0.044531 0.040625
1 0.850781 0.161719 0.048438 0.047656
0 0.763281 0.244531 0.017969 0.122656
0 0.471875 0.061719 0.116406 0.039844
0 0.608594 0.588281 0.139844 0.185156
2 0.903906 0.382031 0.042188 0.023438
2 0.346094 0.554688 0.042188 0.039844
2 0.496094 0.221094 0.042188 0.035156
3 0.254688 0.479688 0.014844 0.013281
3 0.489844 0.353906 0.014063 0.013281
3 0.674219 0.102344 0.016406 0.014063
2 0.941406 0.074219 0.035156 0.039062
2 0.264844 0.240625 0.060937 0.032813
3 0.280469 0.178125 0.010937 0.010937