1 0.4453125 0.51875 0.0625 0.03828125
1 0.815625 0.46875 0.04921875 0.0421875
1 0.64609375 0.675 0.04296875 0.04296875
1 0.19609375 0.73203125 0.04453125 0.040625
1 0.85078125 0.83828125 0.0484375 0.04765625
0 0.76328125 0.75546875 0.01796875 0.12265625
0 0.471875 0.93828125 0.11640625 0.03984375
0 0.60859375 0.41171875 0.13984375 0.18515625
2 0.90390625 0.61796875 0.0421875 0.0234375
2 0.34609375 0.4453125 0.0421875 0.03984375
2 0.49609375 0.77890625 0.0421875 0.03515625
3 0.2546875 0.5203125 0.01484375 0.01328125
3 0.48984375 0.64609375 0.0140625 0.01328125
3 0.67421875 0.89765625 0.01640625 0.0140625
2 0.94140625 0.92578125 0.03515625 0.0390625
2 0.26484375 0.759375 0.0609375 0.0328125
3 0.28046875 0.821875 0.0109375 0.0109375