1 0.64609375 0.6734375 0.04609375 0.046875
1 0.8125 0.4671875 0.053125 0.04609375
0 0.47109375 0.93828125 0.11328125 0.0390625
0 0.7640625 0.75546875 0.0171875 0.12421875
0 0.6078125 0.41015625 0.140625 0.18515625
3 0.25546875 0.5203125 0.0140625 0.015625
3 0.490625 0.64609375 0.01171875 0.0109375
3 0.753125 0.5203125 0.0140625 0.01328125
2 0.903125 0.61796875 0.0453125 0.025
3 0.67578125 0.89609375 0.01171875 0.01015625
2 0.94609375 0.928125 0.03828125 0.03125
3 0.28046875 0.821875 0.01171875 0.0109375