1 0.354688 0.673438 0.053125 0.041406
1 0.555469 0.518750 0.065625 0.037500
1 0.186719 0.467969 0.050781 0.050000
2 0.503125 0.777344 0.042969 0.035937
2 0.097656 0.617188 0.042969 0.028906
2 0.056250 0.926562 0.045312 0.038281
0 0.529687 0.936719 0.114844 0.040625
0 0.235938 0.755469 0.017188 0.121875
0 0.390625 0.412500 0.141406 0.185938
3 0.246875 0.520312 0.014063 0.012500
3 0.743750 0.521094 0.013281 0.012500
3 0.508594 0.646094 0.014844 0.013281
3 0.720313 0.821094 0.011719 0.010156
3 0.323438 0.895312 0.014063 0.011719