1 0.6453125 0.6734375 0.053125 0.04140625
1 0.44453125 0.51875 0.065625 0.0375
1 0.81328125 0.46796875 0.05078125 0.05
2 0.496875 0.77734375 0.04296875 0.0359375
2 0.90234375 0.6171875 0.04296875 0.02890625
2 0.94375 0.9265625 0.0453125 0.03828125
0 0.4703125 0.93671875 0.11484375 0.040625
0 0.7640625 0.75546875 0.0171875 0.121875
0 0.609375 0.4125 0.14140625 0.1859375
3 0.753125 0.5203125 0.0140625 0.0125
3 0.25625 0.52109375 0.01328125 0.0125
3 0.49140625 0.64609375 0.01484375 0.01328125
3 0.2796875 0.82109375 0.01171875 0.01015625
3 0.6765625 0.8953125 0.0140625 0.01171875