1 0.555469 0.519531 0.064062 0.036719
1 0.803906 0.730469 0.051562 0.041406
1 0.352344 0.674219 0.046094 0.041406
1 0.184375 0.467969 0.049219 0.046094
0 0.528906 0.937500 0.114062 0.039062
0 0.237500 0.755469 0.018750 0.120313
0 0.390625 0.414844 0.142969 0.185156
2 0.650781 0.446875 0.037500 0.038281
2 0.097656 0.617969 0.045312 0.024219
2 0.501563 0.778906 0.045312 0.029687
2 0.056250 0.924219 0.041406 0.032031
3 0.323438 0.896094 0.014063 0.012500
3 0.510156 0.644531 0.014063 0.011719
3 0.744531 0.520312 0.012500 0.011719
3 0.248437 0.519531 0.015625 0.012500
3 0.719531 0.821094 0.011719 0.010156