1 0.44453125 0.51953125 0.0640625 0.03671875
1 0.19609375 0.73046875 0.0515625 0.04140625
1 0.64765625 0.67421875 0.04609375 0.04140625
1 0.815625 0.46796875 0.04921875 0.04609375
0 0.47109375 0.9375 0.1140625 0.0390625
0 0.7625 0.75546875 0.01875 0.1203125
0 0.609375 0.41484375 0.14296875 0.18515625
2 0.34921875 0.446875 0.0375 0.03828125
2 0.90234375 0.61796875 0.0453125 0.02421875
2 0.4984375 0.77890625 0.0453125 0.0296875
2 0.94375 0.92421875 0.04140625 0.03203125
3 0.6765625 0.89609375 0.0140625 0.0125
3 0.48984375 0.64453125 0.0140625 0.01171875
3 0.25546875 0.5203125 0.0125 0.01171875
3 0.7515625 0.51953125 0.015625 0.0125
3 0.28046875 0.82109375 0.01171875 0.01015625