0 0.528906 0.938281 0.112500 0.039062
0 0.390625 0.413281 0.142969 0.185938
2 0.648438 0.442188 0.055469 0.039844
2 0.096094 0.617969 0.042188 0.025000
2 0.503906 0.777344 0.038281 0.037500
2 0.735938 0.760156 0.057813 0.032031
1 0.553125 0.519531 0.065625 0.034375
1 0.804688 0.726562 0.050000 0.050781
1 0.353906 0.671875 0.046094 0.043750
1 0.185156 0.466406 0.047656 0.047656
1 0.149219 0.840625 0.047656 0.045312
0 0.235938 0.754687 0.014844 0.121875
3 0.325781 0.896094 0.010156 0.008594
3 0.510938 0.645312 0.011719 0.009375
3 0.745313 0.520312 0.012500 0.012500
3 0.248437 0.519531 0.012500 0.010156
3 0.721875 0.821875 0.010156 0.009375
2 0.057031 0.925000 0.042188 0.033594