0 0.47109375 0.93828125 0.1125 0.0390625
0 0.609375 0.41328125 0.14296875 0.1859375
2 0.3515625 0.4421875 0.05546875 0.03984375
2 0.90390625 0.61796875 0.0421875 0.025
2 0.49609375 0.77734375 0.03828125 0.0375
2 0.2640625 0.76015625 0.0578125 0.03203125
1 0.446875 0.51953125 0.065625 0.034375
1 0.1953125 0.7265625 0.05 0.05078125
1 0.64609375 0.671875 0.04609375 0.04375
1 0.81484375 0.46640625 0.04765625 0.04765625
1 0.85078125 0.840625 0.04765625 0.0453125
0 0.7640625 0.7546875 0.01484375 0.121875
3 0.67421875 0.89609375 0.01015625 0.00859375
3 0.4890625 0.6453125 0.01171875 0.009375
3 0.2546875 0.5203125 0.0125 0.0125
3 0.7515625 0.51953125 0.0125 0.01015625
3 0.278125 0.821875 0.01015625 0.009375
2 0.94296875 0.925 0.0421875 0.03359375