0 0.375 0.64765625 0.1265625 0.06015625
0 0.60859375 0.4125 0.1421875 0.18125
0 0.76328125 0.7546875 0.0171875 0.1203125
0 0.47109375 0.9375 0.11171875 0.0390625
2 0.49609375 0.77890625 0.04140625 0.03515625
2 0.9421875 0.92578125 0.04609375 0.03828125
2 0.90390625 0.61796875 0.04140625 0.02421875
2 0.34921875 0.44453125 0.0421875 0.03984375
1 0.19453125 0.72890625 0.05234375 0.04609375
1 0.44453125 0.51875 0.06328125 0.03515625
1 0.8140625 0.46640625 0.0484375 0.0453125
1 0.6484375 0.675 0.04609375 0.03984375
3 0.28125 0.82109375 0.0125 0.0140625