1 0.555469 0.518750 0.064844 0.035937
1 0.804688 0.728906 0.047656 0.040625
1 0.354688 0.673438 0.049219 0.046875
1 0.182813 0.467187 0.043750 0.047656
1 0.150000 0.842187 0.050781 0.045312
0 0.529687 0.938281 0.113281 0.038281
0 0.625000 0.649219 0.125781 0.061719
0 0.236719 0.755469 0.017188 0.122656
0 0.390625 0.411719 0.142969 0.184375
2 0.651563 0.445312 0.040625 0.039062
2 0.735938 0.759375 0.058594 0.030469
2 0.503125 0.777344 0.039844 0.034375
2 0.097656 0.617969 0.042188 0.023438
2 0.055469 0.923438 0.041406 0.035937
3 0.719531 0.821875 0.011719 0.010937