1 0.44453125 0.51875 0.06484375 0.0359375
1 0.1953125 0.72890625 0.04765625 0.040625
1 0.6453125 0.6734375 0.04921875 0.046875
1 0.8171875 0.4671875 0.04375 0.04765625
1 0.85 0.8421875 0.05078125 0.0453125
0 0.4703125 0.93828125 0.11328125 0.03828125
0 0.375 0.64921875 0.12578125 0.06171875
0 0.76328125 0.75546875 0.0171875 0.12265625
0 0.609375 0.41171875 0.14296875 0.184375
2 0.3484375 0.4453125 0.040625 0.0390625
2 0.2640625 0.759375 0.05859375 0.03046875
2 0.496875 0.77734375 0.03984375 0.034375
2 0.90234375 0.61796875 0.0421875 0.0234375
2 0.94453125 0.9234375 0.04140625 0.0359375
3 0.28046875 0.821875 0.01171875 0.0109375