1 0.444531 0.481250 0.064844 0.035937
1 0.195312 0.271094 0.047656 0.040625
1 0.645312 0.326562 0.049219 0.046875
1 0.817187 0.532813 0.043750 0.047656
1 0.850000 0.157813 0.050781 0.045312
0 0.470313 0.061719 0.113281 0.038281
0 0.375000 0.350781 0.125781 0.061719
0 0.763281 0.244531 0.017188 0.122656
0 0.609375 0.588281 0.142969 0.184375
2 0.348438 0.554688 0.040625 0.039062
2 0.264062 0.240625 0.058594 0.030469
2 0.496875 0.222656 0.039844 0.034375
2 0.902344 0.382031 0.042188 0.023438
2 0.944531 0.076562 0.041406 0.035937
3 0.280469 0.178125 0.011719 0.010937