1 0.44609375 0.51875 0.065625 0.03515625
1 0.6453125 0.675 0.0453125 0.040625
1 0.81328125 0.46796875 0.04609375 0.046875
0 0.4703125 0.9375 0.11328125 0.0390625
0 0.3734375 0.64765625 0.1234375 0.06171875
0 0.609375 0.41171875 0.14140625 0.1859375
0 0.76328125 0.75546875 0.0140625 0.121875
2 0.94375 0.92421875 0.0421875 0.0359375
2 0.49609375 0.778125 0.03984375 0.0328125
2 0.903125 0.6171875 0.04296875 0.02578125
3 0.2796875 0.82109375 0.0125 0.0109375
3 0.25390625 0.51953125 0.01015625 0.0109375