1 0.19609375 0.7296875 0.04609375 0.04453125
1 0.646875 0.675 0.04375 0.03828125
1 0.44296875 0.51875 0.0625 0.03046875
1 0.81484375 0.46796875 0.04609375 0.04375
0 0.60859375 0.4125 0.14375 0.18515625
0 0.3734375 0.6484375 0.125 0.06328125
0 0.4703125 0.9375 0.1140625 0.0390625
0 0.76328125 0.75546875 0.01640625 0.12109375
2 0.946875 0.9265625 0.0390625 0.03125
2 0.496875 0.7796875 0.040625 0.0359375
2 0.90390625 0.6171875 0.040625 0.025
2 0.3515625 0.4484375 0.07109375 0.04609375
3 0.25546875 0.5203125 0.01328125 0.0109375
3 0.2796875 0.821875 0.01328125 0.009375