1 0.196094 0.270312 0.046094 0.044531
1 0.646875 0.325000 0.043750 0.038281
1 0.442969 0.481250 0.062500 0.030469
1 0.814844 0.532031 0.046094 0.043750
0 0.608594 0.587500 0.143750 0.185156
0 0.373437 0.351562 0.125000 0.063281
0 0.470313 0.062500 0.114062 0.039062
0 0.763281 0.244531 0.016406 0.121094
2 0.946875 0.073438 0.039062 0.031250
2 0.496875 0.220313 0.040625 0.035937
2 0.903906 0.382812 0.040625 0.025000
2 0.351562 0.551562 0.071094 0.046094
3 0.255469 0.479688 0.013281 0.010937
3 0.279687 0.178125 0.013281 0.009375