1 0.803906 0.729688 0.046094 0.044531
1 0.353125 0.675000 0.043750 0.038281
1 0.557031 0.518750 0.062500 0.030469
1 0.185156 0.467969 0.046094 0.043750
0 0.391406 0.412500 0.143750 0.185156
0 0.626563 0.648438 0.125000 0.063281
0 0.529687 0.937500 0.114062 0.039062
0 0.236719 0.755469 0.016406 0.121094
2 0.053125 0.926562 0.039062 0.031250
2 0.503125 0.779687 0.040625 0.035937
2 0.096094 0.617188 0.040625 0.025000
2 0.648438 0.448437 0.071094 0.046094
3 0.744531 0.520312 0.013281 0.010937
3 0.720313 0.821875 0.013281 0.009375