0 0.625781 0.648438 0.124219 0.063281
0 0.237500 0.754687 0.017969 0.118750
0 0.529687 0.937500 0.116406 0.039062
2 0.735938 0.759375 0.054688 0.025000
2 0.501563 0.778125 0.041406 0.035937
1 0.805469 0.730469 0.048438 0.038281
1 0.557813 0.518750 0.064062 0.036719
1 0.181250 0.467969 0.043750 0.046875
1 0.353125 0.672656 0.045312 0.047656
1 0.148438 0.840625 0.046094 0.043750
2 0.054688 0.926562 0.045312 0.035937
3 0.744531 0.521094 0.012500 0.010937
3 0.718750 0.821875 0.012500 0.011719
2 0.651563 0.445312 0.042188 0.037500
2 0.096094 0.617969 0.042969 0.025000
0 0.392969 0.411719 0.141406 0.184375