0 0.374219 0.351562 0.124219 0.063281
0 0.762500 0.245313 0.017969 0.118750
0 0.470313 0.062500 0.116406 0.039062
2 0.264062 0.240625 0.054688 0.025000
2 0.498437 0.221875 0.041406 0.035937
1 0.194531 0.269531 0.048438 0.038281
1 0.442188 0.481250 0.064062 0.036719
1 0.818750 0.532031 0.043750 0.046875
1 0.646875 0.327344 0.045312 0.047656
1 0.851562 0.159375 0.046094 0.043750
2 0.945312 0.073438 0.045312 0.035937
3 0.255469 0.478906 0.012500 0.010937
3 0.281250 0.178125 0.012500 0.011719
2 0.348438 0.554688 0.042188 0.037500
2 0.903906 0.382031 0.042969 0.025000
0 0.607031 0.588281 0.141406 0.184375