0 0.37421875 0.6484375 0.12421875 0.06328125
0 0.7625 0.7546875 0.01796875 0.11875
0 0.4703125 0.9375 0.11640625 0.0390625
2 0.2640625 0.759375 0.0546875 0.025
2 0.4984375 0.778125 0.04140625 0.0359375
1 0.19453125 0.73046875 0.0484375 0.03828125
1 0.4421875 0.51875 0.0640625 0.03671875
1 0.81875 0.46796875 0.04375 0.046875
1 0.646875 0.67265625 0.0453125 0.04765625
1 0.8515625 0.840625 0.04609375 0.04375
2 0.9453125 0.9265625 0.0453125 0.0359375
3 0.25546875 0.52109375 0.0125 0.0109375
3 0.28125 0.821875 0.0125 0.01171875
2 0.3484375 0.4453125 0.0421875 0.0375
2 0.90390625 0.61796875 0.04296875 0.025
0 0.60703125 0.41171875 0.14140625 0.184375