0 0.375 0.6484375 0.1265625 0.0640625
0 0.4703125 0.9375 0.1140625 0.0375
0 0.76171875 0.75546875 0.0203125 0.121875
0 0.609375 0.4109375 0.140625 0.1828125
1 0.4453125 0.51796875 0.065625 0.03828125
1 0.815625 0.465625 0.0484375 0.04296875
1 0.6484375 0.67578125 0.0453125 0.04453125
2 0.4984375 0.7796875 0.04375 0.034375
2 0.94375 0.92578125 0.0484375 0.03359375
2 0.90390625 0.6171875 0.0390625 0.0234375
3 0.25546875 0.52109375 0.0140625 0.01171875
3 0.49140625 0.6453125 0.01015625 0.01328125
3 0.28203125 0.82109375 0.01484375 0.01171875