1 0.558594 0.519531 0.060937 0.035937
1 0.352344 0.673438 0.046875 0.036719
1 0.183594 0.465625 0.050781 0.048438
1 0.806250 0.729688 0.048438 0.044531
2 0.502344 0.777344 0.039844 0.035156
2 0.059375 0.925781 0.046094 0.034375
0 0.528906 0.937500 0.114062 0.038281
0 0.624219 0.650000 0.127344 0.066406
0 0.238281 0.755469 0.020313 0.121094
0 0.391406 0.412500 0.142969 0.185156
2 0.643750 0.448437 0.056250 0.046875
2 0.096875 0.617188 0.042969 0.030469
3 0.510156 0.646094 0.011719 0.011719
3 0.745313 0.520312 0.014844 0.012500
3 0.718750 0.821875 0.012500 0.013281