1 0.44140625 0.51953125 0.0609375 0.0359375
1 0.64765625 0.6734375 0.046875 0.03671875
1 0.81640625 0.465625 0.05078125 0.0484375
1 0.19375 0.7296875 0.0484375 0.04453125
2 0.49765625 0.77734375 0.03984375 0.03515625
2 0.940625 0.92578125 0.04609375 0.034375
0 0.47109375 0.9375 0.1140625 0.03828125
0 0.37578125 0.65 0.12734375 0.06640625
0 0.76171875 0.75546875 0.0203125 0.12109375
0 0.60859375 0.4125 0.14296875 0.18515625
2 0.35625 0.4484375 0.05625 0.046875
2 0.903125 0.6171875 0.04296875 0.03046875
3 0.48984375 0.64609375 0.01171875 0.01171875
3 0.2546875 0.5203125 0.01484375 0.0125
3 0.28125 0.821875 0.0125 0.01328125