0 0.625000 0.648438 0.124219 0.060937
0 0.390625 0.410156 0.141406 0.182812
0 0.238281 0.755469 0.021875 0.121094
0 0.530469 0.936719 0.114062 0.038281
2 0.735156 0.757812 0.057031 0.027344
2 0.505469 0.776563 0.041406 0.035156
2 0.097656 0.618750 0.041406 0.024219
2 0.651563 0.451562 0.067969 0.046094
2 0.053906 0.923438 0.042188 0.036719
1 0.557031 0.517969 0.064062 0.035156
1 0.353906 0.671094 0.048438 0.046875
1 0.148438 0.839844 0.047656 0.046875
1 0.185156 0.468750 0.045312 0.045312
1 0.802344 0.728906 0.046875 0.045312
3 0.509375 0.645312 0.010937 0.010937
3 0.719531 0.821094 0.010937 0.010156
3 0.746094 0.520312 0.014063 0.014063