0 0.375 0.6484375 0.12421875 0.0609375
0 0.609375 0.41015625 0.14140625 0.1828125
0 0.76171875 0.75546875 0.021875 0.12109375
0 0.46953125 0.93671875 0.1140625 0.03828125
2 0.26484375 0.7578125 0.05703125 0.02734375
2 0.49453125 0.7765625 0.04140625 0.03515625
2 0.90234375 0.61875 0.04140625 0.02421875
2 0.3484375 0.4515625 0.06796875 0.04609375
2 0.94609375 0.9234375 0.0421875 0.03671875
1 0.44296875 0.51796875 0.0640625 0.03515625
1 0.64609375 0.67109375 0.0484375 0.046875
1 0.8515625 0.83984375 0.04765625 0.046875
1 0.81484375 0.46875 0.0453125 0.0453125
1 0.19765625 0.72890625 0.046875 0.0453125
3 0.490625 0.6453125 0.0109375 0.0109375
3 0.28046875 0.82109375 0.0109375 0.01015625
3 0.25390625 0.5203125 0.0140625 0.0140625