0 0.37421875 0.64765625 0.1359375 0.0703125
0 0.46953125 0.93828125 0.11328125 0.0390625
0 0.76328125 0.7546875 0.0171875 0.11796875
0 0.609375 0.41171875 0.1421875 0.18515625
1 0.8140625 0.46484375 0.0484375 0.046875
1 0.65 0.678125 0.065625 0.04453125
2 0.9453125 0.925 0.0390625 0.03359375
2 0.903125 0.61796875 0.04453125 0.0234375
3 0.48984375 0.6453125 0.01171875 0.0140625
3 0.6765625 0.896875 0.0109375 0.01015625
3 0.2546875 0.5203125 0.0125 0.01328125
3 0.28125 0.82109375 0.01171875 0.01328125