1 0.571094 0.504687 0.095312 0.074219
1 0.183594 0.467969 0.045312 0.039844
1 0.351562 0.673438 0.041406 0.043750
2 0.504687 0.777344 0.041406 0.034375
0 0.390625 0.412500 0.141406 0.185156
0 0.626563 0.647656 0.124219 0.060156
0 0.237500 0.754687 0.018750 0.121094
0 0.530469 0.937500 0.111719 0.038281
3 0.323438 0.896875 0.013281 0.011719
3 0.510156 0.645312 0.009375 0.009375
2 0.096875 0.618750 0.041406 0.025000
3 0.721094 0.821094 0.008594 0.009375
2 0.052344 0.923438 0.035937 0.037500
3 0.744531 0.518750 0.014063 0.010937