1 0.42890625 0.5046875 0.0953125 0.07421875
1 0.81640625 0.46796875 0.0453125 0.03984375
1 0.6484375 0.6734375 0.04140625 0.04375
2 0.4953125 0.77734375 0.04140625 0.034375
0 0.609375 0.4125 0.14140625 0.18515625
0 0.3734375 0.64765625 0.12421875 0.06015625
0 0.7625 0.7546875 0.01875 0.12109375
0 0.46953125 0.9375 0.11171875 0.03828125
3 0.6765625 0.896875 0.01328125 0.01171875
3 0.48984375 0.6453125 0.009375 0.009375
2 0.903125 0.61875 0.04140625 0.025
3 0.27890625 0.82109375 0.00859375 0.009375
2 0.94765625 0.9234375 0.0359375 0.0375
3 0.25546875 0.51875 0.0140625 0.0109375