1 0.4453125 0.51796875 0.0609375 0.03515625
1 0.815625 0.4671875 0.0421875 0.05078125
1 0.6484375 0.675 0.04296875 0.03984375
1 0.19453125 0.72890625 0.05 0.0421875
0 0.47109375 0.9375 0.11171875 0.0390625
0 0.76328125 0.75625 0.0171875 0.12421875
0 0.37265625 0.6484375 0.1234375 0.06171875
0 0.61015625 0.41171875 0.1453125 0.1859375
2 0.34765625 0.4453125 0.03984375 0.03671875
2 0.90390625 0.6171875 0.0453125 0.02578125
2 0.496875 0.77890625 0.03515625 0.03515625
3 0.48984375 0.6453125 0.01171875 0.0109375
3 0.25546875 0.5203125 0.01171875 0.01328125
3 0.28046875 0.821875 0.0140625 0.0140625
3 0.67578125 0.89765625 0.015625 0.0140625
2 0.94453125 0.925 0.0484375 0.0375