1 0.554688 0.517969 0.060937 0.035156
1 0.184375 0.467187 0.042188 0.050781
1 0.351562 0.675000 0.042969 0.039844
1 0.805469 0.728906 0.050000 0.042188
0 0.528906 0.937500 0.111719 0.039062
0 0.236719 0.756250 0.017188 0.124219
0 0.627344 0.648438 0.123438 0.061719
0 0.389844 0.411719 0.145313 0.185938
2 0.652344 0.445312 0.039844 0.036719
2 0.096094 0.617188 0.045312 0.025781
2 0.503125 0.778906 0.035156 0.035156
3 0.510156 0.645312 0.011719 0.010937
3 0.744531 0.520312 0.011719 0.013281
3 0.719531 0.821875 0.014063 0.014063
3 0.324219 0.897656 0.015625 0.014063
2 0.055469 0.925000 0.048438 0.037500