1 0.554688 0.517969 0.067187 0.035156
1 0.183594 0.468750 0.047656 0.040625
1 0.351562 0.672656 0.042969 0.041406
1 0.806250 0.730469 0.048438 0.036719
1 0.146094 0.839844 0.039844 0.042188
2 0.503125 0.778125 0.041406 0.033594
2 0.737500 0.757812 0.057031 0.030469
2 0.650000 0.445312 0.038281 0.038281
2 0.096094 0.616406 0.042188 0.026562
0 0.529687 0.937500 0.115625 0.039844
0 0.625000 0.649219 0.125781 0.062500
0 0.235938 0.755469 0.020313 0.122656
0 0.390625 0.411719 0.142187 0.183594
3 0.745313 0.520312 0.012500 0.010937
3 0.509375 0.645312 0.011719 0.010937
3 0.322656 0.896094 0.015625 0.010156
2 0.051562 0.923438 0.046875 0.040625
3 0.719531 0.821094 0.011719 0.011719