1 0.4453125 0.51796875 0.0671875 0.03515625
1 0.81640625 0.46875 0.04765625 0.040625
1 0.6484375 0.67265625 0.04296875 0.04140625
1 0.19375 0.73046875 0.0484375 0.03671875
1 0.85390625 0.83984375 0.03984375 0.0421875
2 0.496875 0.778125 0.04140625 0.03359375
2 0.2625 0.7578125 0.05703125 0.03046875
2 0.35 0.4453125 0.03828125 0.03828125
2 0.90390625 0.61640625 0.0421875 0.0265625
0 0.4703125 0.9375 0.115625 0.03984375
0 0.375 0.64921875 0.12578125 0.0625
0 0.7640625 0.75546875 0.0203125 0.12265625
0 0.609375 0.41171875 0.1421875 0.18359375
3 0.2546875 0.5203125 0.0125 0.0109375
3 0.490625 0.6453125 0.01171875 0.0109375
3 0.67734375 0.89609375 0.015625 0.01015625
2 0.9484375 0.9234375 0.046875 0.040625
3 0.28046875 0.82109375 0.01171875 0.01171875