1 0.445312 0.482031 0.067187 0.035156
1 0.816406 0.531250 0.047656 0.040625
1 0.648438 0.327344 0.042969 0.041406
1 0.193750 0.269531 0.048438 0.036719
1 0.853906 0.160156 0.039844 0.042188
2 0.496875 0.221875 0.041406 0.033594
2 0.262500 0.242188 0.057031 0.030469
2 0.350000 0.554688 0.038281 0.038281
2 0.903906 0.383594 0.042188 0.026562
0 0.470313 0.062500 0.115625 0.039844
0 0.375000 0.350781 0.125781 0.062500
0 0.764062 0.244531 0.020313 0.122656
0 0.609375 0.588281 0.142187 0.183594
3 0.254688 0.479688 0.012500 0.010937
3 0.490625 0.354688 0.011719 0.010937
3 0.677344 0.103906 0.015625 0.010156
2 0.948438 0.076562 0.046875 0.040625
3 0.280469 0.178906 0.011719 0.011719