0 0.37421875 0.64921875 0.12109375 0.06328125
0 0.7625 0.75625 0.01640625 0.1234375
0 0.471875 0.93828125 0.11328125 0.03984375
0 0.60859375 0.4125 0.140625 0.18515625
1 0.81484375 0.46875 0.05 0.04296875
1 0.6484375 0.675 0.04609375 0.03984375
3 0.25546875 0.5203125 0.01328125 0.0125
3 0.48828125 0.64453125 0.01171875 0.0109375
3 0.7515625 0.5203125 0.0140625 0.01328125
3 0.28125 0.821875 0.01015625 0.01171875
3 0.67578125 0.896875 0.01171875 0.01015625
2 0.94453125 0.92421875 0.04453125 0.03515625
2 0.903125 0.61796875 0.040625 0.021875