0 0.374219 0.350781 0.123438 0.061719
0 0.608594 0.586719 0.139844 0.184375
0 0.763281 0.246094 0.017969 0.125781
0 0.471875 0.061719 0.110937 0.039844
2 0.496875 0.221094 0.041406 0.035937
2 0.943750 0.075781 0.044531 0.034375
2 0.901563 0.382812 0.043750 0.025781
1 0.814844 0.532031 0.050000 0.039062
1 0.444531 0.481250 0.066406 0.035937
1 0.643750 0.327344 0.049219 0.051562
3 0.491406 0.353906 0.014844 0.013281
3 0.256250 0.479688 0.013281 0.013281
3 0.750781 0.480469 0.014063 0.013281
3 0.675781 0.103125 0.015625 0.012500
3 0.282031 0.178906 0.014063 0.014063