0 0.37421875 0.64921875 0.1234375 0.06171875
0 0.60859375 0.41328125 0.13984375 0.184375
0 0.76328125 0.75390625 0.01796875 0.12578125
0 0.471875 0.93828125 0.1109375 0.03984375
2 0.496875 0.77890625 0.04140625 0.0359375
2 0.94375 0.92421875 0.04453125 0.034375
2 0.9015625 0.6171875 0.04375 0.02578125
1 0.81484375 0.46796875 0.05 0.0390625
1 0.44453125 0.51875 0.06640625 0.0359375
1 0.64375 0.67265625 0.04921875 0.0515625
3 0.49140625 0.64609375 0.01484375 0.01328125
3 0.25625 0.5203125 0.01328125 0.01328125
3 0.75078125 0.51953125 0.0140625 0.01328125
3 0.67578125 0.896875 0.015625 0.0125
3 0.28203125 0.82109375 0.0140625 0.0140625