0 0.625781 0.649219 0.123438 0.061719
0 0.391406 0.413281 0.139844 0.184375
0 0.236719 0.753906 0.017969 0.125781
0 0.528125 0.938281 0.110937 0.039844
2 0.503125 0.778906 0.041406 0.035937
2 0.056250 0.924219 0.044531 0.034375
2 0.098437 0.617188 0.043750 0.025781
1 0.185156 0.467969 0.050000 0.039062
1 0.555469 0.518750 0.066406 0.035937
1 0.356250 0.672656 0.049219 0.051562
3 0.508594 0.646094 0.014844 0.013281
3 0.743750 0.520312 0.013281 0.013281
3 0.249219 0.519531 0.014063 0.013281
3 0.324219 0.896875 0.015625 0.012500
3 0.717969 0.821094 0.014063 0.014063