0 0.37421875 0.6484375 0.1265625 0.0625
0 0.47109375 0.93828125 0.11328125 0.03984375
0 0.7625 0.75625 0.0203125 0.121875
0 0.609375 0.41015625 0.14296875 0.18359375
1 0.19609375 0.73046875 0.04453125 0.03828125
1 0.4421875 0.521875 0.078125 0.04921875
1 0.8125 0.46640625 0.05234375 0.04140625
1 0.64609375 0.67578125 0.04609375 0.040625
2 0.49296875 0.7796875 0.034375 0.03125
2 0.353125 0.44375 0.04765625 0.04609375
2 0.94296875 0.92421875 0.04140625 0.0328125
2 0.90390625 0.61796875 0.04296875 0.02265625
3 0.75234375 0.51953125 0.0125 0.0109375
3 0.490625 0.646875 0.01328125 0.0125
3 0.2546875 0.52109375 0.01015625 0.01015625
3 0.2796875 0.8203125 0.0109375 0.0109375
3 0.67578125 0.8984375 0.01484375 0.01484375