0 0.625781 0.648438 0.126562 0.062500
0 0.528906 0.938281 0.113281 0.039844
0 0.237500 0.756250 0.020313 0.121875
0 0.390625 0.410156 0.142969 0.183594
1 0.803906 0.730469 0.044531 0.038281
1 0.557813 0.521875 0.078125 0.049219
1 0.187500 0.466406 0.052344 0.041406
1 0.353906 0.675781 0.046094 0.040625
2 0.507031 0.779687 0.034375 0.031250
2 0.646875 0.443750 0.047656 0.046094
2 0.057031 0.924219 0.041406 0.032813
2 0.096094 0.617969 0.042969 0.022656
3 0.247656 0.519531 0.012500 0.010937
3 0.509375 0.646875 0.013281 0.012500
3 0.745313 0.521094 0.010156 0.010156
3 0.720313 0.820312 0.010937 0.010937
3 0.324219 0.898438 0.014844 0.014844