0 0.37421875 0.6484375 0.1234375 0.06171875
0 0.76328125 0.75390625 0.01796875 0.12578125
0 0.4703125 0.9375 0.1109375 0.03828125
0 0.61015625 0.41328125 0.14375 0.18203125
2 0.3484375 0.44765625 0.04296875 0.03984375
2 0.4984375 0.77890625 0.04296875 0.03359375
2 0.9390625 0.925 0.04765625 0.03203125
2 0.90234375 0.61796875 0.0421875 0.0265625
1 0.44296875 0.51875 0.06015625 0.034375
1 0.19453125 0.7296875 0.046875 0.0390625
1 0.64375 0.6765625 0.05 0.0421875
1 0.81484375 0.4671875 0.04921875 0.04765625
3 0.753125 0.5203125 0.01796875 0.01484375
3 0.490625 0.64609375 0.01484375 0.015625
3 0.25546875 0.51953125 0.0140625 0.0171875
2 0.2640625 0.75625 0.05546875 0.02890625
3 0.2796875 0.8203125 0.01171875 0.01015625
3 0.67578125 0.89609375 0.0140625 0.01484375
1 0.85078125 0.84140625 0.04921875 0.040625