0 0.625781 0.648438 0.123438 0.061719
0 0.236719 0.753906 0.017969 0.125781
0 0.529687 0.937500 0.110937 0.038281
0 0.389844 0.413281 0.143750 0.182031
2 0.651563 0.447656 0.042969 0.039844
2 0.501563 0.778906 0.042969 0.033594
2 0.060937 0.925000 0.047656 0.032031
2 0.097656 0.617969 0.042188 0.026562
1 0.557031 0.518750 0.060156 0.034375
1 0.805469 0.729688 0.046875 0.039062
1 0.356250 0.676562 0.050000 0.042188
1 0.185156 0.467187 0.049219 0.047656
3 0.246875 0.520312 0.017969 0.014844
3 0.509375 0.646094 0.014844 0.015625
3 0.744531 0.519531 0.014063 0.017188
2 0.735938 0.756250 0.055469 0.028906
3 0.720313 0.820312 0.011719 0.010156
3 0.324219 0.896094 0.014063 0.014844
1 0.149219 0.841406 0.049219 0.040625