0 0.375 0.64921875 0.12578125 0.0625
0 0.7625 0.7515625 0.0203125 0.11484375
0 0.96328125 0.58046875 0.02734375 0.10859375
0 0.6078125 0.4109375 0.13984375 0.18515625
1 0.4421875 0.51953125 0.05859375 0.0359375
1 0.815625 0.46953125 0.04140625 0.04765625
1 0.6453125 0.6734375 0.0453125 0.0421875
2 0.496875 0.77890625 0.03984375 0.03515625
2 0.9453125 0.9265625 0.040625 0.0359375
2 0.90390625 0.61640625 0.0453125 0.025
0 0.471875 0.9375 0.1140625 0.0390625
3 0.28203125 0.821875 0.01171875 0.01328125