0 0.625781 0.649219 0.125781 0.063281
0 0.391406 0.412500 0.140625 0.186719
0 0.036719 0.578906 0.028906 0.102344
0 0.236719 0.756250 0.017969 0.127344
0 0.530469 0.937500 0.113281 0.038281
1 0.805469 0.727344 0.048438 0.047656
1 0.352344 0.676562 0.044531 0.040625
2 0.504687 0.781250 0.045312 0.035937
2 0.096875 0.617969 0.045312 0.026562
2 0.053125 0.925781 0.046875 0.038281
2 0.651563 0.443750 0.050000 0.041406
1 0.555469 0.519531 0.064844 0.035937
1 0.186719 0.465625 0.051562 0.050781
3 0.718750 0.821094 0.013281 0.011719