0 0.37421875 0.64921875 0.12578125 0.06328125
0 0.60859375 0.4125 0.140625 0.18671875
0 0.96328125 0.57890625 0.02890625 0.10234375
0 0.76328125 0.75625 0.01796875 0.12734375
0 0.46953125 0.9375 0.11328125 0.03828125
1 0.19453125 0.72734375 0.0484375 0.04765625
1 0.64765625 0.6765625 0.04453125 0.040625
2 0.4953125 0.78125 0.0453125 0.0359375
2 0.903125 0.61796875 0.0453125 0.0265625
2 0.946875 0.92578125 0.046875 0.03828125
2 0.3484375 0.44375 0.05 0.04140625
1 0.44453125 0.51953125 0.06484375 0.0359375
1 0.81328125 0.465625 0.0515625 0.05078125
3 0.28125 0.82109375 0.01328125 0.01171875