1 0.804688 0.726562 0.052344 0.048438
1 0.355469 0.673438 0.050781 0.042188
1 0.148438 0.840625 0.055469 0.050000
0 0.528906 0.937500 0.111719 0.038281
0 0.239062 0.756250 0.024219 0.119531
0 0.630469 0.647656 0.116406 0.064062
0 0.391406 0.410156 0.142187 0.183594
0 0.037500 0.578906 0.026562 0.106250
2 0.096875 0.616406 0.042969 0.030469
2 0.501563 0.778906 0.045312 0.037500
2 0.733594 0.760938 0.059375 0.032813
1 0.554688 0.521094 0.067187 0.035156
1 0.185937 0.466406 0.048438 0.047656
2 0.650781 0.444531 0.046094 0.040625
2 0.057031 0.921094 0.046094 0.039062
3 0.717969 0.821875 0.014063 0.012500