1 0.1953125 0.7265625 0.05234375 0.0484375
1 0.64453125 0.6734375 0.05078125 0.0421875
1 0.8515625 0.840625 0.05546875 0.05
0 0.47109375 0.9375 0.11171875 0.03828125
0 0.7609375 0.75625 0.02421875 0.11953125
0 0.36953125 0.64765625 0.11640625 0.0640625
0 0.60859375 0.41015625 0.1421875 0.18359375
0 0.9625 0.57890625 0.0265625 0.10625
2 0.903125 0.61640625 0.04296875 0.03046875
2 0.4984375 0.77890625 0.0453125 0.0375
2 0.26640625 0.7609375 0.059375 0.0328125
1 0.4453125 0.52109375 0.0671875 0.03515625
1 0.8140625 0.46640625 0.0484375 0.04765625
2 0.34921875 0.44453125 0.04609375 0.040625
2 0.94296875 0.92109375 0.04609375 0.0390625
3 0.28203125 0.821875 0.0140625 0.0125