1 0.4453125 0.51875 0.06953125 0.03984375
1 0.8125 0.4671875 0.05078125 0.04375
1 0.6484375 0.671875 0.04609375 0.046875
2 0.49765625 0.778125 0.040625 0.034375
2 0.9453125 0.9265625 0.03984375 0.03984375
0 0.471875 0.9375 0.115625 0.03984375
0 0.375 0.6484375 0.121875 0.06171875
0 0.76015625 0.75703125 0.025 0.125
3 0.25625 0.5203125 0.01328125 0.01171875
0 0.60859375 0.41171875 0.1421875 0.18671875
0 0.9625 0.58046875 0.0265625 0.10390625
2 0.9046875 0.61796875 0.0421875 0.02265625
3 0.28125 0.82109375 0.0125 0.0125