1 0.19296875 0.73359375 0.05390625 0.03359375
1 0.64453125 0.67265625 0.046875 0.04453125
1 0.44296875 0.51953125 0.05703125 0.03671875
1 0.81640625 0.4703125 0.0453125 0.03828125
0 0.96328125 0.58203125 0.025 0.10703125
0 0.76328125 0.75625 0.02109375 0.125
0 0.47109375 0.9375 0.11015625 0.0390625
0 0.37265625 0.6484375 0.125 0.0625
0 0.6078125 0.4109375 0.14140625 0.1859375
2 0.3453125 0.44609375 0.04140625 0.0375
2 0.9046875 0.61953125 0.0453125 0.02421875
2 0.49453125 0.7796875 0.04296875 0.03671875
2 0.940625 0.9203125 0.05390625 0.06328125
3 0.28046875 0.821875 0.0109375 0.00859375
3 0.25546875 0.51875 0.0140625 0.0140625