1 0.807031 0.733594 0.053906 0.033594
1 0.355469 0.672656 0.046875 0.044531
1 0.557031 0.519531 0.057031 0.036719
1 0.183594 0.470313 0.045312 0.038281
0 0.036719 0.582031 0.025000 0.107031
0 0.236719 0.756250 0.021094 0.125000
0 0.528906 0.937500 0.110156 0.039062
0 0.627344 0.648438 0.125000 0.062500
0 0.392188 0.410938 0.141406 0.185938
2 0.654687 0.446094 0.041406 0.037500
2 0.095313 0.619531 0.045312 0.024219
2 0.505469 0.779687 0.042969 0.036719
2 0.059375 0.920312 0.053906 0.063281
3 0.719531 0.821875 0.010937 0.008594
3 0.744531 0.518750 0.014063 0.014063