1 0.58671875 0.490625 0.05625 0.03828125
1 0.6640625 0.684375 0.04375 0.04921875
1 0.90546875 0.75390625 0.05 0.04296875
1 0.3546875 0.6796875 0.05859375 0.03203125
0 0.25 0.7578125 0.09375 0.06640625
0 0.87265625 0.55390625 0.184375 0.1578125
3 0.74453125 0.44375 0.0171875 0.015625
3 0.54296875 0.6171875 0.01171875 0.0125
3 0.409375 0.825 0.01328125 0.01171875
3 0.81796875 0.81953125 0.0125 0.009375
2 0.24375 0.8765625 0.04296875 0.03125
1 0.390625 0.94296875 0.04375 0.04765625
2 0.8125 0.86953125 0.03828125 0.0296875
3 0.2671875 0.5390625 0.0140625 0.01015625