1 0.586719 0.509375 0.056250 0.038281
1 0.664062 0.315625 0.043750 0.049219
1 0.905469 0.246094 0.050000 0.042969
1 0.354687 0.320312 0.058594 0.032031
0 0.250000 0.242188 0.093750 0.066406
0 0.872656 0.446094 0.184375 0.157812
3 0.744531 0.556250 0.017188 0.015625
3 0.542969 0.382812 0.011719 0.012500
3 0.409375 0.175000 0.013281 0.011719
3 0.817969 0.180469 0.012500 0.009375
2 0.243750 0.123437 0.042969 0.031250
1 0.390625 0.057031 0.043750 0.047656
2 0.812500 0.130469 0.038281 0.029687
3 0.267188 0.460938 0.014063 0.010156