1 0.413281 0.490625 0.056250 0.038281
1 0.335938 0.684375 0.043750 0.049219
1 0.094531 0.753906 0.050000 0.042969
1 0.645312 0.679688 0.058594 0.032031
0 0.750000 0.757812 0.093750 0.066406
0 0.127344 0.553906 0.184375 0.157812
3 0.255469 0.443750 0.017188 0.015625
3 0.457031 0.617188 0.011719 0.012500
3 0.590625 0.825000 0.013281 0.011719
3 0.182031 0.819531 0.012500 0.009375
2 0.756250 0.876563 0.042969 0.031250
1 0.609375 0.942969 0.043750 0.047656
2 0.187500 0.869531 0.038281 0.029687
3 0.732812 0.539062 0.014063 0.010156