1 0.4453125 0.51953125 0.06484375 0.0328125
1 0.19453125 0.73125 0.05078125 0.03828125
1 0.64765625 0.6765625 0.04921875 0.03828125
1 0.81171875 0.4640625 0.053125 0.04921875
1 0.85078125 0.83828125 0.05 0.04453125
2 0.26328125 0.759375 0.053125 0.028125
2 0.496875 0.77890625 0.03671875 0.034375
2 0.94375 0.92421875 0.0390625 0.03203125
2 0.90390625 0.61796875 0.04296875 0.02421875
0 0.9625 0.5796875 0.028125 0.1015625
0 0.37421875 0.6484375 0.121875 0.0625
0 0.61015625 0.41328125 0.1421875 0.1875
2 0.346875 0.44609375 0.04140625 0.0375
3 0.27890625 0.821875 0.01015625 0.0078125
0 0.47109375 0.9375 0.1125 0.0390625
0 0.76015625 0.75625 0.0203125 0.1234375
3 0.25625 0.5203125 0.0125 0.00859375