1 0.554688 0.519531 0.064844 0.032813
1 0.805469 0.731250 0.050781 0.038281
1 0.352344 0.676562 0.049219 0.038281
1 0.188281 0.464062 0.053125 0.049219
1 0.149219 0.838281 0.050000 0.044531
2 0.736719 0.759375 0.053125 0.028125
2 0.503125 0.778906 0.036719 0.034375
2 0.056250 0.924219 0.039062 0.032031
2 0.096094 0.617969 0.042969 0.024219
0 0.037500 0.579688 0.028125 0.101562
0 0.625781 0.648438 0.121875 0.062500
0 0.389844 0.413281 0.142187 0.187500
2 0.653125 0.446094 0.041406 0.037500
3 0.721094 0.821875 0.010156 0.007812
0 0.528906 0.937500 0.112500 0.039062
0 0.239844 0.756250 0.020313 0.123438
3 0.743750 0.520312 0.012500 0.008594