1 0.446094 0.482031 0.065625 0.032813
1 0.817969 0.535156 0.042188 0.050781
1 0.646094 0.325000 0.044531 0.036719
0 0.468750 0.061719 0.113281 0.040625
0 0.374219 0.351562 0.122656 0.061719
0 0.608594 0.587500 0.139844 0.185156
0 0.961719 0.420312 0.026562 0.106250
0 0.763281 0.246094 0.019531 0.124219
2 0.496094 0.220313 0.041406 0.037500
2 0.907031 0.381250 0.038281 0.019531
2 0.943750 0.076562 0.041406 0.037500
3 0.490625 0.353906 0.010156 0.011719
3 0.253906 0.480469 0.008594 0.010156
3 0.279687 0.178906 0.011719 0.010937