1 0.553906 0.517969 0.065625 0.032813
1 0.182031 0.464844 0.042188 0.050781
1 0.353906 0.675000 0.044531 0.036719
0 0.531250 0.938281 0.113281 0.040625
0 0.625781 0.648438 0.122656 0.061719
0 0.391406 0.412500 0.139844 0.185156
0 0.038281 0.579688 0.026562 0.106250
0 0.236719 0.753906 0.019531 0.124219
2 0.503906 0.779687 0.041406 0.037500
2 0.092969 0.618750 0.038281 0.019531
2 0.056250 0.923438 0.041406 0.037500
3 0.509375 0.646094 0.010156 0.011719
3 0.746094 0.519531 0.008594 0.010156
3 0.720313 0.821094 0.011719 0.010937