1 0.44609375 0.51796875 0.065625 0.0328125
1 0.81796875 0.46484375 0.0421875 0.05078125
1 0.64609375 0.675 0.04453125 0.03671875
0 0.46875 0.93828125 0.11328125 0.040625
0 0.37421875 0.6484375 0.12265625 0.06171875
0 0.60859375 0.4125 0.13984375 0.18515625
0 0.96171875 0.5796875 0.0265625 0.10625
0 0.76328125 0.75390625 0.01953125 0.12421875
2 0.49609375 0.7796875 0.04140625 0.0375
2 0.90703125 0.61875 0.03828125 0.01953125
2 0.94375 0.9234375 0.04140625 0.0375
3 0.490625 0.64609375 0.01015625 0.01171875
3 0.25390625 0.51953125 0.00859375 0.01015625
3 0.2796875 0.82109375 0.01171875 0.0109375