0 0.625000 0.650000 0.123438 0.064062
0 0.236719 0.754687 0.021875 0.122656
0 0.037500 0.582031 0.026562 0.104688
0 0.528906 0.937500 0.114062 0.039844
0 0.392969 0.411719 0.143750 0.185156
1 0.557813 0.519531 0.058594 0.039844
1 0.803125 0.728906 0.044531 0.042969
1 0.353125 0.672656 0.047656 0.042969
1 0.185937 0.471875 0.043750 0.052344
2 0.654687 0.446875 0.035937 0.046094
2 0.506250 0.780469 0.042969 0.048438
2 0.095313 0.617969 0.042969 0.025781
2 0.055469 0.925781 0.039844 0.038281
3 0.718750 0.821875 0.013281 0.013281
3 0.509375 0.645312 0.016406 0.014844
3 0.745313 0.520312 0.013281 0.012500