0 0.375 0.65 0.1234375 0.0640625
0 0.76328125 0.7546875 0.021875 0.12265625
0 0.9625 0.58203125 0.0265625 0.1046875
0 0.47109375 0.9375 0.1140625 0.03984375
0 0.60703125 0.41171875 0.14375 0.18515625
1 0.4421875 0.51953125 0.05859375 0.03984375
1 0.196875 0.72890625 0.04453125 0.04296875
1 0.646875 0.67265625 0.04765625 0.04296875
1 0.8140625 0.471875 0.04375 0.05234375
2 0.3453125 0.446875 0.0359375 0.04609375
2 0.49375 0.78046875 0.04296875 0.0484375
2 0.9046875 0.61796875 0.04296875 0.02578125
2 0.94453125 0.92578125 0.03984375 0.03828125
3 0.28125 0.821875 0.01328125 0.01328125
3 0.490625 0.6453125 0.01640625 0.01484375
3 0.2546875 0.5203125 0.01328125 0.0125