0 0.391406 0.413281 0.139844 0.186719
0 0.629687 0.650000 0.158594 0.081250
0 0.039062 0.579688 0.028125 0.110937
0 0.236719 0.755469 0.020313 0.124219
0 0.529687 0.939063 0.113281 0.039844
2 0.735938 0.756250 0.082031 0.030469
2 0.503125 0.778906 0.043750 0.033594
2 0.061719 0.926562 0.048438 0.042188
2 0.651563 0.446094 0.039844 0.043750
2 0.096094 0.617969 0.039062 0.028125
1 0.187500 0.466406 0.053906 0.048438
1 0.554688 0.518750 0.069531 0.038281
1 0.352344 0.672656 0.042969 0.042969
1 0.806250 0.735156 0.041406 0.048438
1 0.150781 0.839844 0.056250 0.042188
3 0.745313 0.520312 0.021094 0.015625
3 0.509375 0.646094 0.013281 0.012500
3 0.718750 0.821875 0.014844 0.012500