0 0.60859375 0.41328125 0.13984375 0.18671875
0 0.3703125 0.65 0.15859375 0.08125
0 0.9609375 0.5796875 0.028125 0.1109375
0 0.76328125 0.75546875 0.0203125 0.12421875
0 0.4703125 0.9390625 0.11328125 0.03984375
2 0.2640625 0.75625 0.08203125 0.03046875
2 0.496875 0.77890625 0.04375 0.03359375
2 0.93828125 0.9265625 0.0484375 0.0421875
2 0.3484375 0.44609375 0.03984375 0.04375
2 0.90390625 0.61796875 0.0390625 0.028125
1 0.8125 0.46640625 0.05390625 0.0484375
1 0.4453125 0.51875 0.06953125 0.03828125
1 0.64765625 0.67265625 0.04296875 0.04296875
1 0.19375 0.73515625 0.04140625 0.0484375
1 0.84921875 0.83984375 0.05625 0.0421875
3 0.2546875 0.5203125 0.02109375 0.015625
3 0.490625 0.64609375 0.01328125 0.0125
3 0.28125 0.821875 0.01484375 0.0125