0 0.60859375 0.41171875 0.1390625 0.18671875
0 0.375 0.6484375 0.12265625 0.0609375
0 0.9625 0.58203125 0.02734375 0.10546875
0 0.7609375 0.75546875 0.02265625 0.1234375
0 0.47109375 0.93828125 0.1140625 0.03984375
1 0.64765625 0.6734375 0.046875 0.04453125
3 0.490625 0.64609375 0.0109375 0.01015625
3 0.25546875 0.5203125 0.015625 0.01171875
3 0.675 0.896875 0.0140625 0.01171875
2 0.94453125 0.925 0.040625 0.034375
1 0.81328125 0.4671875 0.0484375 0.04765625
3 0.28046875 0.82109375 0.009375 0.01015625
2 0.90390625 0.61875 0.0421875 0.028125