2 0.497656 0.224219 0.037500 0.036719
2 0.904687 0.382812 0.042969 0.023438
0 0.374219 0.351562 0.122656 0.062500
1 0.443750 0.481250 0.061719 0.035937
1 0.644531 0.325781 0.045312 0.041406
1 0.816406 0.534375 0.045312 0.047656
0 0.616406 0.587500 0.158594 0.184375
0 0.962500 0.418750 0.027344 0.103125
0 0.762500 0.246094 0.022656 0.121875
0 0.469531 0.061719 0.110937 0.039844
3 0.490625 0.355469 0.012500 0.009375
3 0.253906 0.479688 0.011719 0.012500
3 0.281250 0.177344 0.030469 0.020313
3 0.676562 0.103906 0.013281 0.009375
2 0.945312 0.075000 0.038281 0.034375