2 0.502344 0.775781 0.037500 0.036719
2 0.095313 0.617188 0.042969 0.023438
0 0.625781 0.648438 0.122656 0.062500
1 0.556250 0.518750 0.061719 0.035937
1 0.355469 0.674219 0.045312 0.041406
1 0.183594 0.465625 0.045312 0.047656
0 0.383594 0.412500 0.158594 0.184375
0 0.037500 0.581250 0.027344 0.103125
0 0.237500 0.753906 0.022656 0.121875
0 0.530469 0.938281 0.110937 0.039844
3 0.509375 0.644531 0.012500 0.009375
3 0.746094 0.520312 0.011719 0.012500
3 0.718750 0.822656 0.030469 0.020313
3 0.323438 0.896094 0.013281 0.009375
2 0.054688 0.925000 0.038281 0.034375