2 0.49765625 0.77578125 0.0375 0.03671875
2 0.9046875 0.6171875 0.04296875 0.0234375
0 0.37421875 0.6484375 0.12265625 0.0625
1 0.44375 0.51875 0.06171875 0.0359375
1 0.64453125 0.67421875 0.0453125 0.04140625
1 0.81640625 0.465625 0.0453125 0.04765625
0 0.61640625 0.4125 0.15859375 0.184375
0 0.9625 0.58125 0.02734375 0.103125
0 0.7625 0.75390625 0.02265625 0.121875
0 0.46953125 0.93828125 0.1109375 0.03984375
3 0.490625 0.64453125 0.0125 0.009375
3 0.25390625 0.5203125 0.01171875 0.0125
3 0.28125 0.82265625 0.03046875 0.0203125
3 0.6765625 0.89609375 0.01328125 0.009375
2 0.9453125 0.925 0.03828125 0.034375