0 0.372656 0.351562 0.123438 0.064844
0 0.761719 0.246094 0.022656 0.114844
0 0.962500 0.421094 0.024219 0.103906
0 0.610156 0.587500 0.142187 0.182031
0 0.469531 0.061719 0.115625 0.037500
1 0.198437 0.267969 0.052344 0.035156
1 0.650781 0.321094 0.044531 0.033594
1 0.440625 0.480469 0.057813 0.034375
1 0.815625 0.535937 0.042969 0.050000
2 0.348438 0.554688 0.057031 0.046875
2 0.904687 0.381250 0.042969 0.020313
2 0.497656 0.225781 0.035156 0.041406
2 0.947656 0.073438 0.045312 0.032813
3 0.675781 0.103125 0.010937 0.010937
3 0.492188 0.353906 0.016406 0.015625
3 0.256250 0.480469 0.014063 0.012500
3 0.280469 0.179688 0.012500 0.013281