0 0.37265625 0.6484375 0.1234375 0.06484375
0 0.76171875 0.75390625 0.02265625 0.11484375
0 0.9625 0.57890625 0.02421875 0.10390625
0 0.61015625 0.4125 0.1421875 0.18203125
0 0.46953125 0.93828125 0.115625 0.0375
1 0.1984375 0.73203125 0.05234375 0.03515625
1 0.65078125 0.67890625 0.04453125 0.03359375
1 0.440625 0.51953125 0.0578125 0.034375
1 0.815625 0.4640625 0.04296875 0.05
2 0.3484375 0.4453125 0.05703125 0.046875
2 0.9046875 0.61875 0.04296875 0.0203125
2 0.49765625 0.77421875 0.03515625 0.04140625
2 0.94765625 0.9265625 0.0453125 0.0328125
3 0.67578125 0.896875 0.0109375 0.0109375
3 0.4921875 0.64609375 0.01640625 0.015625
3 0.25625 0.51953125 0.0140625 0.0125
3 0.28046875 0.8203125 0.0125 0.01328125