0 0.627344 0.648438 0.123438 0.064844
0 0.238281 0.753906 0.022656 0.114844
0 0.037500 0.578906 0.024219 0.103906
0 0.389844 0.412500 0.142187 0.182031
0 0.530469 0.938281 0.115625 0.037500
1 0.801562 0.732031 0.052344 0.035156
1 0.349219 0.678906 0.044531 0.033594
1 0.559375 0.519531 0.057813 0.034375
1 0.184375 0.464062 0.042969 0.050000
2 0.651563 0.445312 0.057031 0.046875
2 0.095313 0.618750 0.042969 0.020313
2 0.502344 0.774219 0.035156 0.041406
2 0.052344 0.926562 0.045312 0.032813
3 0.324219 0.896875 0.010937 0.010937
3 0.507812 0.646094 0.016406 0.015625
3 0.743750 0.519531 0.014063 0.012500
3 0.719531 0.820312 0.012500 0.013281