0 0.626563 0.649219 0.125000 0.060937
0 0.236719 0.754687 0.021094 0.123438
0 0.038281 0.577344 0.028125 0.101562
0 0.391406 0.410938 0.149219 0.189062
0 0.530469 0.936719 0.109375 0.039844
1 0.803906 0.728906 0.045312 0.043750
1 0.356250 0.671875 0.050000 0.042969
1 0.554688 0.520312 0.064844 0.037500
1 0.188281 0.467969 0.053906 0.042969
1 0.146094 0.842187 0.048438 0.047656
2 0.058594 0.925000 0.049219 0.039844
2 0.502344 0.778125 0.043750 0.038281
2 0.650000 0.445312 0.039844 0.038281
2 0.739844 0.755469 0.050000 0.031250
2 0.096094 0.617188 0.041406 0.025000
3 0.744531 0.520312 0.013281 0.013281
3 0.509375 0.646094 0.015625 0.011719
3 0.323438 0.896875 0.015625 0.012500
3 0.718750 0.821094 0.010937 0.010156