0 0.3734375 0.64921875 0.125 0.0609375
0 0.76328125 0.7546875 0.02109375 0.1234375
0 0.96171875 0.57734375 0.028125 0.1015625
0 0.60859375 0.4109375 0.14921875 0.1890625
0 0.46953125 0.93671875 0.109375 0.03984375
1 0.19609375 0.72890625 0.0453125 0.04375
1 0.64375 0.671875 0.05 0.04296875
1 0.4453125 0.5203125 0.06484375 0.0375
1 0.81171875 0.46796875 0.05390625 0.04296875
1 0.85390625 0.8421875 0.0484375 0.04765625
2 0.94140625 0.925 0.04921875 0.03984375
2 0.49765625 0.778125 0.04375 0.03828125
2 0.35 0.4453125 0.03984375 0.03828125
2 0.26015625 0.75546875 0.05 0.03125
2 0.90390625 0.6171875 0.04140625 0.025
3 0.25546875 0.5203125 0.01328125 0.01328125
3 0.490625 0.64609375 0.015625 0.01171875
3 0.6765625 0.896875 0.015625 0.0125
3 0.28125 0.82109375 0.0109375 0.01015625