0 0.373437 0.350781 0.125000 0.060937
0 0.763281 0.245313 0.021094 0.123438
0 0.961719 0.422656 0.028125 0.101562
0 0.608594 0.589063 0.149219 0.189062
0 0.469531 0.063281 0.109375 0.039844
1 0.196094 0.271094 0.045312 0.043750
1 0.643750 0.328125 0.050000 0.042969
1 0.445312 0.479688 0.064844 0.037500
1 0.811719 0.532031 0.053906 0.042969
1 0.853906 0.157813 0.048438 0.047656
2 0.941406 0.075000 0.049219 0.039844
2 0.497656 0.221875 0.043750 0.038281
2 0.350000 0.554688 0.039844 0.038281
2 0.260156 0.244531 0.050000 0.031250
2 0.903906 0.382812 0.041406 0.025000
3 0.255469 0.479688 0.013281 0.013281
3 0.490625 0.353906 0.015625 0.011719
3 0.676562 0.103125 0.015625 0.012500
3 0.281250 0.178906 0.010937 0.010156