0 0.37421875 0.6484375 0.12265625 0.06484375
0 0.76015625 0.7546875 0.0265625 0.11796875
0 0.9625 0.58203125 0.02890625 0.10078125
0 0.60859375 0.41171875 0.1421875 0.1875
0 0.46953125 0.93671875 0.11328125 0.03984375
3 0.67578125 0.8984375 0.01328125 0.01328125
3 0.28203125 0.821875 0.01328125 0.015625
3 0.49140625 0.6453125 0.0125 0.0125
3 0.25625 0.52109375 0.01796875 0.01640625
3 0.753125 0.5203125 0.01171875 0.01328125
1 0.64921875 0.67578125 0.04296875 0.03828125
2 0.903125 0.615625 0.0421875 0.03203125