0 0.374219 0.351562 0.125000 0.060156
0 0.761719 0.244531 0.019531 0.124219
0 0.963281 0.419531 0.026562 0.104688
0 0.608594 0.588281 0.140625 0.182031
1 0.814063 0.532813 0.046094 0.046875
1 0.646094 0.326562 0.047656 0.045312
3 0.491406 0.353906 0.010937 0.011719
3 0.255469 0.478906 0.012500 0.012500
3 0.675781 0.104688 0.008594 0.008594
2 0.945312 0.075781 0.035937 0.035156
0 0.469531 0.060937 0.110937 0.038281
3 0.280469 0.178906 0.008594 0.010156
3 0.751563 0.480469 0.010937 0.010156
2 0.907031 0.382031 0.044531 0.025781