0 0.37421875 0.6484375 0.125 0.06015625
0 0.76171875 0.75546875 0.01953125 0.12421875
0 0.96328125 0.58046875 0.0265625 0.1046875
0 0.60859375 0.41171875 0.140625 0.18203125
1 0.8140625 0.4671875 0.04609375 0.046875
1 0.64609375 0.6734375 0.04765625 0.0453125
3 0.49140625 0.64609375 0.0109375 0.01171875
3 0.25546875 0.52109375 0.0125 0.0125
3 0.67578125 0.8953125 0.00859375 0.00859375
2 0.9453125 0.92421875 0.0359375 0.03515625
0 0.46953125 0.9390625 0.1109375 0.03828125
3 0.28046875 0.82109375 0.00859375 0.01015625
3 0.7515625 0.51953125 0.0109375 0.01015625
2 0.90703125 0.61796875 0.04453125 0.02578125