0 0.625781 0.648438 0.125000 0.060156
0 0.238281 0.755469 0.019531 0.124219
0 0.036719 0.580469 0.026562 0.104688
0 0.391406 0.411719 0.140625 0.182031
1 0.185937 0.467187 0.046094 0.046875
1 0.353906 0.673438 0.047656 0.045312
3 0.508594 0.646094 0.010937 0.011719
3 0.744531 0.521094 0.012500 0.012500
3 0.324219 0.895312 0.008594 0.008594
2 0.054688 0.924219 0.035937 0.035156
0 0.530469 0.939063 0.110937 0.038281
3 0.719531 0.821094 0.008594 0.010156
3 0.248437 0.519531 0.010937 0.010156
2 0.092969 0.617969 0.044531 0.025781