0 0.37421875 0.6484375 0.1234375 0.0640625
0 0.76640625 0.7515625 0.0734375 0.14921875
0 0.9625 0.58046875 0.02734375 0.10625
0 0.4703125 0.93828125 0.1125 0.0390625
0 0.60859375 0.41328125 0.14296875 0.18515625
1 0.44375 0.51953125 0.06796875 0.0390625
1 0.8171875 0.46796875 0.04453125 0.046875
1 0.6453125 0.675 0.046875 0.04453125
2 0.49609375 0.7796875 0.03671875 0.03515625
2 0.946875 0.92578125 0.04140625 0.0390625
3 0.67578125 0.896875 0.0140625 0.0125
3 0.48984375 0.64609375 0.0140625 0.01328125
3 0.25546875 0.52109375 0.0125 0.0125
3 0.753125 0.51875 0.01640625 0.01171875
2 0.90390625 0.6171875 0.0421875 0.0296875
3 0.28125 0.8203125 0.01328125 0.01171875