0 0.625781 0.648438 0.123438 0.064062
0 0.233594 0.751563 0.073438 0.149219
0 0.037500 0.580469 0.027344 0.106250
0 0.529687 0.938281 0.112500 0.039062
0 0.391406 0.413281 0.142969 0.185156
1 0.556250 0.519531 0.067969 0.039062
1 0.182813 0.467969 0.044531 0.046875
1 0.354688 0.675000 0.046875 0.044531
2 0.503906 0.779687 0.036719 0.035156
2 0.053125 0.925781 0.041406 0.039062
3 0.324219 0.896875 0.014063 0.012500
3 0.510156 0.646094 0.014063 0.013281
3 0.744531 0.521094 0.012500 0.012500
3 0.246875 0.518750 0.016406 0.011719
2 0.096094 0.617188 0.042188 0.029687
3 0.718750 0.820312 0.013281 0.011719