0 0.37421875 0.64921875 0.125 0.06171875
0 0.76171875 0.75546875 0.0203125 0.12109375
0 0.9625 0.5796875 0.02578125 0.10546875
0 0.60859375 0.41171875 0.14140625 0.1859375
0 0.4734375 0.93828125 0.11953125 0.03828125
1 0.1984375 0.72734375 0.046875 0.0453125
1 0.44453125 0.5171875 0.0640625 0.0375
1 0.64765625 0.675 0.04453125 0.0375
1 0.8140625 0.46953125 0.04765625 0.04375
2 0.34765625 0.44453125 0.040625 0.03828125
2 0.903125 0.6171875 0.04375 0.02421875
2 0.9453125 0.92421875 0.0390625 0.03125
2 0.496875 0.778125 0.03984375 0.0375
3 0.48984375 0.64609375 0.0125 0.01171875
3 0.25625 0.52109375 0.0140625 0.01015625
3 0.28125 0.821875 0.0125 0.009375
3 0.6765625 0.896875 0.0125 0.00859375
3 0.75234375 0.5203125 0.01328125 0.01015625