0 0.625781 0.649219 0.125000 0.061719
0 0.238281 0.755469 0.020313 0.121094
0 0.037500 0.579688 0.025781 0.105469
0 0.391406 0.411719 0.141406 0.185938
0 0.526563 0.938281 0.119531 0.038281
1 0.801562 0.727344 0.046875 0.045312
1 0.555469 0.517188 0.064062 0.037500
1 0.352344 0.675000 0.044531 0.037500
1 0.185937 0.469531 0.047656 0.043750
2 0.652344 0.444531 0.040625 0.038281
2 0.096875 0.617188 0.043750 0.024219
2 0.054688 0.924219 0.039062 0.031250
2 0.503125 0.778125 0.039844 0.037500
3 0.510156 0.646094 0.012500 0.011719
3 0.743750 0.521094 0.014063 0.010156
3 0.718750 0.821875 0.012500 0.009375
3 0.323438 0.896875 0.012500 0.008594
3 0.247656 0.520312 0.013281 0.010156