0 0.609375 0.588281 0.141406 0.183594
0 0.375000 0.351562 0.127344 0.064062
0 0.762500 0.242969 0.020313 0.125000
0 0.963281 0.419531 0.028125 0.105469
0 0.471094 0.062500 0.114844 0.038281
2 0.264062 0.239844 0.058594 0.032813
2 0.946094 0.074219 0.042188 0.033594
2 0.497656 0.221875 0.039844 0.036719
2 0.903906 0.382031 0.042969 0.023438
2 0.349219 0.554688 0.039844 0.041406
1 0.835938 0.525000 0.065625 0.050781
1 0.444531 0.482812 0.064844 0.036719
1 0.645312 0.324219 0.047656 0.040625
1 0.194531 0.270312 0.050000 0.043750
1 0.850781 0.156250 0.046094 0.042188
3 0.257031 0.479688 0.014063 0.010937
3 0.490625 0.354688 0.014063 0.010937
3 0.752344 0.480469 0.014844 0.010937
3 0.677344 0.102344 0.015625 0.010937
3 0.281250 0.178125 0.010937 0.011719