0 0.390625 0.411719 0.141406 0.183594
0 0.625000 0.648438 0.127344 0.064062
0 0.237500 0.757031 0.020313 0.125000
0 0.036719 0.580469 0.028125 0.105469
0 0.528906 0.937500 0.114844 0.038281
2 0.735938 0.760156 0.058594 0.032813
2 0.053906 0.925781 0.042188 0.033594
2 0.502344 0.778125 0.039844 0.036719
2 0.096094 0.617969 0.042969 0.023438
2 0.650781 0.445312 0.039844 0.041406
1 0.164062 0.475000 0.065625 0.050781
1 0.555469 0.517188 0.064844 0.036719
1 0.354688 0.675781 0.047656 0.040625
1 0.805469 0.729688 0.050000 0.043750
1 0.149219 0.843750 0.046094 0.042188
3 0.742969 0.520312 0.014063 0.010937
3 0.509375 0.645312 0.014063 0.010937
3 0.247656 0.519531 0.014844 0.010937
3 0.322656 0.897656 0.015625 0.010937
3 0.718750 0.821875 0.010937 0.011719