0 0.609375 0.41171875 0.14140625 0.18359375
0 0.375 0.6484375 0.12734375 0.0640625
0 0.7625 0.75703125 0.0203125 0.125
0 0.96328125 0.58046875 0.028125 0.10546875
0 0.47109375 0.9375 0.11484375 0.03828125
2 0.2640625 0.76015625 0.05859375 0.0328125
2 0.94609375 0.92578125 0.0421875 0.03359375
2 0.49765625 0.778125 0.03984375 0.03671875
2 0.90390625 0.61796875 0.04296875 0.0234375
2 0.34921875 0.4453125 0.03984375 0.04140625
1 0.8359375 0.475 0.065625 0.05078125
1 0.44453125 0.5171875 0.06484375 0.03671875
1 0.6453125 0.67578125 0.04765625 0.040625
1 0.19453125 0.7296875 0.05 0.04375
1 0.85078125 0.84375 0.04609375 0.0421875
3 0.25703125 0.5203125 0.0140625 0.0109375
3 0.490625 0.6453125 0.0140625 0.0109375
3 0.75234375 0.51953125 0.01484375 0.0109375
3 0.67734375 0.89765625 0.015625 0.0109375
3 0.28125 0.821875 0.0109375 0.01171875