2 0.40078125 0.7078125 0.03671875 0.03359375
2 0.27265625 0.9171875 0.0578125 0.03046875
2 0.596875 0.94921875 0.04375 0.02421875
2 0.9234375 0.7328125 0.03359375 0.04375
2 0.36796875 0.434375 0.03984375 0.040625
0 0.31015625 0.571875 0.2609375 0.07109375
1 0.6328125 0.6921875 0.04921875 0.03828125
3 0.25625 0.5203125 0.01484375 0.01328125
3 0.75234375 0.5203125 0.0109375 0.0109375
3 0.490625 0.6453125 0.0125 0.01015625
3 0.28125 0.821875 0.0140625 0.0140625
3 0.67734375 0.896875 0.01328125 0.0125