2 0.36796875 0.43515625 0.040625 0.0390625
2 0.4 0.7078125 0.03671875 0.03984375
2 0.59609375 0.9515625 0.04296875 0.02265625
2 0.92109375 0.73359375 0.04375 0.03828125
1 0.87109375 0.5203125 0.04921875 0.0421875
1 0.6328125 0.6875 0.05546875 0.04765625
0 0.31015625 0.57265625 0.2609375 0.0703125
2 0.27109375 0.91796875 0.059375 0.02890625
3 0.25703125 0.5203125 0.01328125 0.0125
3 0.490625 0.64609375 0.009375 0.01015625
3 0.7515625 0.5203125 0.0140625 0.01171875
3 0.28046875 0.821875 0.009375 0.01015625
3 0.67578125 0.896875 0.01484375 0.01328125