0 0.3109375 0.57265625 0.26171875 0.06953125
2 0.4015625 0.7078125 0.0375 0.03828125
2 0.27265625 0.9171875 0.05625 0.02890625
2 0.921875 0.73671875 0.04375 0.0359375
2 0.36640625 0.434375 0.040625 0.0375
3 0.25546875 0.5203125 0.01171875 0.01171875
3 0.75234375 0.51953125 0.015625 0.0125
3 0.490625 0.6453125 0.01328125 0.0125
3 0.2796875 0.821875 0.01015625 0.01171875
3 0.67734375 0.896875 0.01015625 0.0109375
1 0.63046875 0.6875 0.05390625 0.0453125
1 0.49375 0.5015625 0.06171875 0.0453125
1 0.87421875 0.51953125 0.0453125 0.0421875
2 0.59453125 0.95078125 0.04140625 0.02421875