0 0.689063 0.572656 0.261719 0.069531
2 0.598437 0.707812 0.037500 0.038281
2 0.727344 0.917188 0.056250 0.028906
2 0.078125 0.736719 0.043750 0.035937
2 0.633594 0.434375 0.040625 0.037500
3 0.744531 0.520312 0.011719 0.011719
3 0.247656 0.519531 0.015625 0.012500
3 0.509375 0.645312 0.013281 0.012500
3 0.720313 0.821875 0.010156 0.011719
3 0.322656 0.896875 0.010156 0.010937
1 0.369531 0.687500 0.053906 0.045312
1 0.506250 0.501563 0.061719 0.045312
1 0.125781 0.519531 0.045312 0.042188
2 0.405469 0.950781 0.041406 0.024219