0 0.31015625 0.571875 0.26015625 0.07109375
1 0.17578125 0.6625 0.053125 0.04296875
1 0.49453125 0.50078125 0.0609375 0.040625
1 0.8734375 0.51953125 0.04453125 0.04609375
1 0.63203125 0.690625 0.05859375 0.03984375
2 0.40078125 0.70703125 0.034375 0.03515625
2 0.9203125 0.73359375 0.04140625 0.0375
2 0.36796875 0.43515625 0.0421875 0.03984375
3 0.25625 0.52109375 0.01484375 0.0125
3 0.48984375 0.646875 0.01328125 0.0109375
3 0.28125 0.82109375 0.01328125 0.01171875
3 0.6765625 0.896875 0.01484375 0.0109375
2 0.5953125 0.95078125 0.04453125 0.02421875