1 0.1765625 0.6609375 0.05078125 0.0359375
1 0.49140625 0.50078125 0.05390625 0.03828125
1 0.6328125 0.69375 0.0515625 0.03359375
1 0.875 0.51953125 0.04375 0.03984375
2 0.3671875 0.434375 0.04375 0.03984375
2 0.40078125 0.70703125 0.03671875 0.03671875
2 0.27109375 0.9171875 0.0546875 0.0296875
2 0.5953125 0.95 0.0390625 0.02421875
2 0.9203125 0.73359375 0.04375 0.03671875
0 0.309375 0.57265625 0.2625 0.06953125
3 0.25625 0.5203125 0.01640625 0.0125
3 0.753125 0.5203125 0.01484375 0.01484375
3 0.49140625 0.64609375 0.015625 0.01484375
3 0.28046875 0.821875 0.0125 0.0125
3 0.67578125 0.89765625 0.0140625 0.0125