1 0.176563 0.339063 0.050781 0.035937
1 0.491406 0.499219 0.053906 0.038281
1 0.632812 0.306250 0.051562 0.033594
1 0.875000 0.480469 0.043750 0.039844
2 0.367188 0.565625 0.043750 0.039844
2 0.400781 0.292969 0.036719 0.036719
2 0.271094 0.082812 0.054688 0.029687
2 0.595313 0.050000 0.039062 0.024219
2 0.920312 0.266406 0.043750 0.036719
0 0.309375 0.427344 0.262500 0.069531
3 0.256250 0.479688 0.016406 0.012500
3 0.753125 0.479688 0.014844 0.014844
3 0.491406 0.353906 0.015625 0.014844
3 0.280469 0.178125 0.012500 0.012500
3 0.675781 0.102344 0.014063 0.012500