1 0.823438 0.660937 0.050781 0.035937
1 0.508594 0.500781 0.053906 0.038281
1 0.367188 0.693750 0.051562 0.033594
1 0.125000 0.519531 0.043750 0.039844
2 0.632812 0.434375 0.043750 0.039844
2 0.599219 0.707031 0.036719 0.036719
2 0.728906 0.917188 0.054688 0.029687
2 0.404687 0.950000 0.039062 0.024219
2 0.079688 0.733594 0.043750 0.036719
0 0.690625 0.572656 0.262500 0.069531
3 0.743750 0.520312 0.016406 0.012500
3 0.246875 0.520312 0.014844 0.014844
3 0.508594 0.646094 0.015625 0.014844
3 0.719531 0.821875 0.012500 0.012500
3 0.324219 0.897656 0.014063 0.012500