1 0.63671875 0.690625 0.0609375 0.04296875
1 0.490625 0.50078125 0.05390625 0.03828125
1 0.87578125 0.5203125 0.04921875 0.0421875
1 0.74921875 0.81171875 0.05234375 0.04375
1 0.175 0.6625 0.0546875 0.04375
0 0.31015625 0.571875 0.2609375 0.0703125
3 0.25546875 0.51953125 0.0125 0.01015625
3 0.490625 0.646875 0.01328125 0.009375
2 0.40078125 0.7078125 0.0421875 0.03828125
2 0.9203125 0.7328125 0.0390625 0.0328125
2 0.5953125 0.95078125 0.03984375 0.0234375
3 0.28046875 0.821875 0.0109375 0.00859375