1 0.491406 0.498437 0.057031 0.037500
1 0.178125 0.335938 0.049219 0.046094
1 0.632812 0.307813 0.051562 0.035937
1 0.871875 0.480469 0.044531 0.046875
1 0.750000 0.187500 0.051562 0.041406
0 0.310937 0.426562 0.256250 0.062500
2 0.367969 0.565625 0.036719 0.038281
2 0.398438 0.294531 0.033594 0.033594
2 0.594531 0.050781 0.041406 0.023438
2 0.917969 0.267188 0.037500 0.039062
3 0.281250 0.178125 0.012500 0.010937
3 0.490625 0.353906 0.013281 0.011719
3 0.675000 0.104688 0.015625 0.010156
3 0.256250 0.479688 0.012500 0.011719