1 0.508594 0.501563 0.057031 0.037500
1 0.821875 0.664062 0.049219 0.046094
1 0.367188 0.692187 0.051562 0.035937
1 0.128125 0.519531 0.044531 0.046875
1 0.250000 0.812500 0.051562 0.041406
0 0.689063 0.573438 0.256250 0.062500
2 0.632031 0.434375 0.036719 0.038281
2 0.601562 0.705469 0.033594 0.033594
2 0.405469 0.949219 0.041406 0.023438
2 0.082031 0.732812 0.037500 0.039062
3 0.718750 0.821875 0.012500 0.010937
3 0.509375 0.646094 0.013281 0.011719
3 0.325000 0.895312 0.015625 0.010156
3 0.743750 0.520312 0.012500 0.011719