1 0.49140625 0.5015625 0.05703125 0.0375
1 0.178125 0.6640625 0.04921875 0.04609375
1 0.6328125 0.6921875 0.0515625 0.0359375
1 0.871875 0.51953125 0.04453125 0.046875
1 0.75 0.8125 0.0515625 0.04140625
0 0.3109375 0.5734375 0.25625 0.0625
2 0.36796875 0.434375 0.03671875 0.03828125
2 0.3984375 0.70546875 0.03359375 0.03359375
2 0.59453125 0.94921875 0.04140625 0.0234375
2 0.91796875 0.7328125 0.0375 0.0390625
3 0.28125 0.821875 0.0125 0.0109375
3 0.490625 0.64609375 0.01328125 0.01171875
3 0.675 0.8953125 0.015625 0.01015625
3 0.25625 0.5203125 0.0125 0.01171875