2 0.367969 0.564844 0.044531 0.041406
2 0.400000 0.292969 0.035156 0.038281
2 0.271875 0.083594 0.056250 0.028906
2 0.594531 0.049219 0.037500 0.023438
2 0.917969 0.267969 0.037500 0.031250
1 0.750781 0.185156 0.053125 0.038281
1 0.633594 0.309375 0.058594 0.035156
1 0.493750 0.497656 0.060156 0.040625
1 0.874219 0.482031 0.042188 0.049219
1 0.175781 0.339844 0.056250 0.047656
0 0.310937 0.428125 0.258594 0.071094
3 0.489844 0.353906 0.014063 0.011719
3 0.255469 0.479688 0.011719 0.010937
3 0.752344 0.480469 0.012500 0.011719
3 0.675781 0.103906 0.014063 0.010156
3 0.279687 0.178125 0.012500 0.008594