2 0.36796875 0.43515625 0.04453125 0.04140625
2 0.4 0.70703125 0.03515625 0.03828125
2 0.271875 0.91640625 0.05625 0.02890625
2 0.59453125 0.95078125 0.0375 0.0234375
2 0.91796875 0.73203125 0.0375 0.03125
1 0.75078125 0.81484375 0.053125 0.03828125
1 0.63359375 0.690625 0.05859375 0.03515625
1 0.49375 0.50234375 0.06015625 0.040625
1 0.87421875 0.51796875 0.0421875 0.04921875
1 0.17578125 0.66015625 0.05625 0.04765625
0 0.3109375 0.571875 0.25859375 0.07109375
3 0.48984375 0.64609375 0.0140625 0.01171875
3 0.25546875 0.5203125 0.01171875 0.0109375
3 0.75234375 0.51953125 0.0125 0.01171875
3 0.67578125 0.89609375 0.0140625 0.01015625
3 0.2796875 0.821875 0.0125 0.00859375