2 0.632031 0.435156 0.044531 0.041406
2 0.600000 0.707031 0.035156 0.038281
2 0.728125 0.916406 0.056250 0.028906
2 0.405469 0.950781 0.037500 0.023438
2 0.082031 0.732031 0.037500 0.031250
1 0.249219 0.814844 0.053125 0.038281
1 0.366406 0.690625 0.058594 0.035156
1 0.506250 0.502344 0.060156 0.040625
1 0.125781 0.517969 0.042188 0.049219
1 0.824219 0.660156 0.056250 0.047656
0 0.689063 0.571875 0.258594 0.071094
3 0.510156 0.646094 0.014063 0.011719
3 0.744531 0.520312 0.011719 0.010937
3 0.247656 0.519531 0.012500 0.011719
3 0.324219 0.896094 0.014063 0.010156
3 0.720313 0.821875 0.012500 0.008594