1 0.35546875 0.67578125 0.0625 0.0359375
1 0.6625 0.68984375 0.04765625 0.04140625
1 0.584375 0.490625 0.05703125 0.0390625
0 0.46328125 0.5546875 0.02890625 0.10703125
0 0.875 0.553125 0.1890625 0.15703125
0 0.24921875 0.75703125 0.09296875 0.0640625
0 0.8234375 0.79765625 0.09140625 0.0875
0 0.5765625 0.8390625 0.1421875 0.084375
2 0.24453125 0.8765625 0.04453125 0.03203125
2 0.81328125 0.86953125 0.03828125 0.03125
3 0.409375 0.825 0.01328125 0.0109375
3 0.54296875 0.61484375 0.015625 0.0125
3 0.26796875 0.53984375 0.0140625 0.01328125