1 0.58671875 0.490625 0.053125 0.0375
1 0.665625 0.6890625 0.040625 0.0421875
1 0.3546875 0.675 0.05625 0.03984375
1 0.90703125 0.75546875 0.05078125 0.0390625
3 0.8171875 0.81953125 0.0109375 0.00859375
3 0.54375 0.61484375 0.0140625 0.01015625
3 0.26796875 0.5390625 0.01484375 0.0125
3 0.4078125 0.82421875 0.01640625 0.0125
3 0.7453125 0.44375 0.0125 0.0125
2 0.78046875 0.40078125 0.0421875 0.034375
2 0.2453125 0.87578125 0.0453125 0.034375
2 0.81484375 0.8703125 0.04140625 0.0296875
1 0.38828125 0.94375 0.05 0.04921875
0 0.87421875 0.553125 0.18828125 0.15625