1 0.413281 0.490625 0.053125 0.037500
1 0.334375 0.689063 0.040625 0.042188
1 0.645312 0.675000 0.056250 0.039844
1 0.092969 0.755469 0.050781 0.039062
3 0.182813 0.819531 0.010937 0.008594
3 0.456250 0.614844 0.014063 0.010156
3 0.732031 0.539062 0.014844 0.012500
3 0.592187 0.824219 0.016406 0.012500
3 0.254687 0.443750 0.012500 0.012500
2 0.219531 0.400781 0.042188 0.034375
2 0.754687 0.875781 0.045312 0.034375
2 0.185156 0.870313 0.041406 0.029687
1 0.611719 0.943750 0.050000 0.049219
0 0.125781 0.553125 0.188281 0.156250