1 0.35546875 0.67734375 0.06484375 0.0359375
1 0.6625 0.68671875 0.0453125 0.0453125
1 0.58359375 0.490625 0.05859375 0.0375
2 0.784375 0.4015625 0.04765625 0.03515625
0 0.24921875 0.75703125 0.09375 0.065625
0 0.87421875 0.553125 0.18828125 0.15703125
3 0.26796875 0.53828125 0.0171875 0.0171875
3 0.54296875 0.61484375 0.0140625 0.01171875
3 0.41015625 0.825 0.01328125 0.01328125
3 0.81875 0.82109375 0.0140625 0.01171875
1 0.39453125 0.9484375 0.04375 0.040625
2 0.2421875 0.87578125 0.04296875 0.03671875
2 0.8140625 0.8703125 0.0390625 0.03046875