1 0.645312 0.678906 0.061719 0.035937
1 0.335156 0.689844 0.047656 0.044531
1 0.414844 0.489063 0.057813 0.037500
0 0.125781 0.552344 0.188281 0.157031
0 0.750781 0.757812 0.092969 0.064062
0 0.426562 0.839063 0.139063 0.082812
3 0.589844 0.825000 0.017188 0.014063
3 0.731250 0.539844 0.015625 0.013281
3 0.457031 0.614844 0.014844 0.012500
3 0.182031 0.819531 0.014844 0.014063
2 0.216406 0.401562 0.051562 0.038281
2 0.757031 0.876563 0.043750 0.034375
1 0.604688 0.948438 0.040625 0.042188
2 0.186719 0.870313 0.040625 0.034375