1 0.3546875 0.67890625 0.06171875 0.0359375
1 0.66484375 0.68984375 0.04765625 0.04453125
1 0.58515625 0.4890625 0.0578125 0.0375
0 0.87421875 0.55234375 0.18828125 0.15703125
0 0.24921875 0.7578125 0.09296875 0.0640625
0 0.5734375 0.8390625 0.1390625 0.0828125
3 0.41015625 0.825 0.0171875 0.0140625
3 0.26875 0.53984375 0.015625 0.01328125
3 0.54296875 0.61484375 0.01484375 0.0125
3 0.81796875 0.81953125 0.01484375 0.0140625
2 0.78359375 0.4015625 0.0515625 0.03828125
2 0.24296875 0.8765625 0.04375 0.034375
1 0.3953125 0.9484375 0.040625 0.0421875
2 0.81328125 0.8703125 0.040625 0.034375