1 0.354687 0.321094 0.061719 0.035937
1 0.664844 0.310156 0.047656 0.044531
1 0.585156 0.510938 0.057813 0.037500
0 0.874219 0.447656 0.188281 0.157031
0 0.249219 0.242188 0.092969 0.064062
0 0.573438 0.160937 0.139063 0.082812
3 0.410156 0.175000 0.017188 0.014063
3 0.268750 0.460156 0.015625 0.013281
3 0.542969 0.385156 0.014844 0.012500
3 0.817969 0.180469 0.014844 0.014063
2 0.783594 0.598437 0.051562 0.038281
2 0.242969 0.123437 0.043750 0.034375
1 0.395313 0.051562 0.040625 0.042188
2 0.813281 0.129687 0.040625 0.034375