1 0.35703125 0.675 0.0671875 0.0359375
1 0.665625 0.690625 0.0453125 0.040625
1 0.9078125 0.75546875 0.0453125 0.04453125
1 0.58515625 0.49140625 0.05859375 0.0375
0 0.8734375 0.553125 0.1890625 0.15546875
0 0.24921875 0.75703125 0.08984375 0.0640625
2 0.78203125 0.4015625 0.0421875 0.03515625
2 0.246875 0.87578125 0.04609375 0.0359375
2 0.81484375 0.8703125 0.0390625 0.03359375
0 0.575 0.8390625 0.13515625 0.08125
1 0.39140625 0.94375 0.04296875 0.05078125
3 0.409375 0.825 0.01171875 0.01328125
3 0.81796875 0.82109375 0.01640625 0.01171875
3 0.54296875 0.615625 0.01484375 0.0109375
3 0.26796875 0.5390625 0.01328125 0.0125
3 0.74375 0.44296875 0.01484375 0.01328125