1 0.642969 0.675000 0.067187 0.035937
1 0.334375 0.690625 0.045312 0.040625
1 0.092187 0.755469 0.045312 0.044531
1 0.414844 0.491406 0.058594 0.037500
0 0.126563 0.553125 0.189062 0.155469
0 0.750781 0.757031 0.089844 0.064062
2 0.217969 0.401562 0.042188 0.035156
2 0.753125 0.875781 0.046094 0.035937
2 0.185156 0.870313 0.039062 0.033594
0 0.425000 0.839063 0.135156 0.081250
1 0.608594 0.943750 0.042969 0.050781
3 0.590625 0.825000 0.011719 0.013281
3 0.182031 0.821094 0.016406 0.011719
3 0.457031 0.615625 0.014844 0.010937
3 0.732031 0.539062 0.013281 0.012500
3 0.256250 0.442969 0.014844 0.013281