1 0.353125 0.6765625 0.06796875 0.034375
1 0.66328125 0.6890625 0.0453125 0.04609375
1 0.5859375 0.4890625 0.06015625 0.0375
1 0.90859375 0.7546875 0.0453125 0.040625
0 0.8734375 0.553125 0.18828125 0.1578125
0 0.25 0.75703125 0.09140625 0.0625
0 0.4640625 0.5515625 0.02890625 0.11171875
0 0.57421875 0.8390625 0.134375 0.08046875
1 0.39375 0.9484375 0.03984375 0.0359375
2 0.24375 0.875 0.0453125 0.03203125
2 0.8140625 0.8703125 0.03671875 0.03359375
2 0.78359375 0.4015625 0.046875 0.0359375
3 0.54296875 0.61640625 0.01328125 0.01015625
3 0.26796875 0.540625 0.015625 0.0125
3 0.74609375 0.44375 0.0125 0.01171875
3 0.41015625 0.82421875 0.01484375 0.01171875
3 0.81953125 0.8203125 0.0171875 0.01171875