1 0.646875 0.676562 0.067969 0.034375
1 0.336719 0.689063 0.045312 0.046094
1 0.414062 0.489063 0.060156 0.037500
1 0.091406 0.754687 0.045312 0.040625
0 0.126563 0.553125 0.188281 0.157812
0 0.750000 0.757031 0.091406 0.062500
0 0.535937 0.551562 0.028906 0.111719
0 0.425781 0.839063 0.134375 0.080469
1 0.606250 0.948438 0.039844 0.035937
2 0.756250 0.875000 0.045312 0.032031
2 0.185937 0.870313 0.036719 0.033594
2 0.216406 0.401562 0.046875 0.035937
3 0.457031 0.616406 0.013281 0.010156
3 0.732031 0.540625 0.015625 0.012500
3 0.253906 0.443750 0.012500 0.011719
3 0.589844 0.824219 0.014844 0.011719
3 0.180469 0.820312 0.017188 0.011719