1 0.58515625 0.48984375 0.0578125 0.04140625
1 0.66484375 0.68984375 0.0453125 0.04140625
0 0.25 0.75703125 0.0921875 0.0625
0 0.82109375 0.7984375 0.09375 0.0890625
0 0.8734375 0.55390625 0.18828125 0.15625
0 0.4640625 0.5546875 0.0296875 0.10703125
0 0.57421875 0.83828125 0.1375 0.07890625
3 0.409375 0.825 0.0109375 0.01015625
2 0.24375 0.87421875 0.04609375 0.03203125
2 0.8140625 0.8703125 0.03828125 0.0328125
2 0.7828125 0.4015625 0.04296875 0.0390625
3 0.26796875 0.53984375 0.0140625 0.0125