0 0.535937 0.554688 0.028906 0.107813
0 0.127344 0.553125 0.187500 0.154688
0 0.750781 0.757031 0.093750 0.064844
1 0.639062 0.678906 0.086719 0.045312
1 0.335156 0.689063 0.045312 0.042188
1 0.412500 0.490625 0.058594 0.041406
2 0.217187 0.401562 0.048438 0.035937
2 0.186719 0.868750 0.039844 0.032031
2 0.756250 0.874219 0.042969 0.035156
0 0.425000 0.839844 0.136719 0.081250
0 0.176562 0.796875 0.091406 0.090625
3 0.590625 0.824219 0.014063 0.010937
3 0.458594 0.614844 0.012500 0.011719
3 0.731250 0.540625 0.012500 0.013281