0 0.4640625 0.5546875 0.02890625 0.1078125
0 0.87265625 0.553125 0.1875 0.1546875
0 0.24921875 0.75703125 0.09375 0.06484375
1 0.3609375 0.67890625 0.08671875 0.0453125
1 0.66484375 0.6890625 0.0453125 0.0421875
1 0.5875 0.490625 0.05859375 0.04140625
2 0.7828125 0.4015625 0.0484375 0.0359375
2 0.81328125 0.86875 0.03984375 0.03203125
2 0.24375 0.87421875 0.04296875 0.03515625
0 0.575 0.83984375 0.13671875 0.08125
0 0.8234375 0.796875 0.09140625 0.090625
3 0.409375 0.82421875 0.0140625 0.0109375
3 0.54140625 0.61484375 0.0125 0.01171875
3 0.26875 0.540625 0.0125 0.01328125