1 0.35390625 0.678125 0.06015625 0.0328125
1 0.66640625 0.6890625 0.0375 0.03671875
1 0.5875 0.48984375 0.05703125 0.03828125
1 0.91015625 0.7546875 0.04296875 0.0390625
0 0.8234375 0.7984375 0.090625 0.0890625
0 0.57578125 0.8390625 0.1390625 0.078125
0 0.25 0.75703125 0.090625 0.06484375
0 0.46328125 0.55546875 0.0296875 0.10546875
3 0.54375 0.61484375 0.0140625 0.0125
3 0.26796875 0.540625 0.0140625 0.0140625
3 0.4109375 0.825 0.01640625 0.0125
3 0.74609375 0.44296875 0.015625 0.0109375
2 0.78203125 0.4015625 0.0453125 0.03515625
2 0.2421875 0.87578125 0.04765625 0.0359375
2 0.8140625 0.8703125 0.03828125 0.034375
1 0.3875 0.94609375 0.0484375 0.046875
0 0.87421875 0.55390625 0.1859375 0.15546875