1 0.353906 0.321875 0.060156 0.032813
1 0.666406 0.310937 0.037500 0.036719
1 0.587500 0.510156 0.057031 0.038281
1 0.910156 0.245313 0.042969 0.039062
0 0.823438 0.201562 0.090625 0.089063
0 0.575781 0.160937 0.139063 0.078125
0 0.250000 0.242969 0.090625 0.064844
0 0.463281 0.444531 0.029687 0.105469
3 0.543750 0.385156 0.014063 0.012500
3 0.267969 0.459375 0.014063 0.014063
3 0.410938 0.175000 0.016406 0.012500
3 0.746094 0.557031 0.015625 0.010937
2 0.782031 0.598437 0.045312 0.035156
2 0.242188 0.124219 0.047656 0.035937
2 0.814063 0.129687 0.038281 0.034375
1 0.387500 0.053906 0.048438 0.046875
0 0.874219 0.446094 0.185938 0.155469