1 0.646094 0.678125 0.060156 0.032813
1 0.333594 0.689063 0.037500 0.036719
1 0.412500 0.489844 0.057031 0.038281
1 0.089844 0.754687 0.042969 0.039062
0 0.176562 0.798438 0.090625 0.089063
0 0.424219 0.839063 0.139063 0.078125
0 0.750000 0.757031 0.090625 0.064844
0 0.536719 0.555469 0.029687 0.105469
3 0.456250 0.614844 0.014063 0.012500
3 0.732031 0.540625 0.014063 0.014063
3 0.589063 0.825000 0.016406 0.012500
3 0.253906 0.442969 0.015625 0.010937
2 0.217969 0.401562 0.045312 0.035156
2 0.757812 0.875781 0.047656 0.035937
2 0.185937 0.870313 0.038281 0.034375
1 0.612500 0.946094 0.048438 0.046875
0 0.125781 0.553906 0.185938 0.155469