1 0.58671875 0.4921875 0.05546875 0.040625
1 0.35546875 0.67734375 0.06484375 0.0359375
1 0.6609375 0.68984375 0.05390625 0.04375
0 0.25 0.75703125 0.0921875 0.06484375
0 0.57578125 0.8390625 0.13828125 0.08125
0 0.87421875 0.553125 0.18984375 0.15703125
2 0.24140625 0.8765625 0.0421875 0.03203125
2 0.5296875 0.73125 0.0453125 0.03515625
2 0.81328125 0.8703125 0.040625 0.03125
2 0.78359375 0.4015625 0.046875 0.03984375
3 0.40859375 0.82421875 0.01328125 0.0125
3 0.54296875 0.615625 0.01640625 0.015625
3 0.2671875 0.5390625 0.0125 0.0140625