3 0.732812 0.540625 0.014063 0.012500
3 0.456250 0.614844 0.015625 0.013281
3 0.589844 0.825000 0.015625 0.015625
0 0.425781 0.839844 0.140625 0.082812
0 0.176562 0.797656 0.091406 0.089063
0 0.125000 0.552344 0.188281 0.156250
0 0.536719 0.555469 0.031250 0.106250
0 0.750000 0.755469 0.089844 0.064844
2 0.756250 0.871875 0.043750 0.033594
2 0.470313 0.731250 0.041406 0.035156
2 0.183594 0.870313 0.046875 0.030469
1 0.647656 0.674219 0.058594 0.035156
1 0.337500 0.689063 0.055469 0.042188
1 0.412500 0.490625 0.051562 0.034375
2 0.217969 0.402344 0.049219 0.039844