3 0.2671875 0.540625 0.0140625 0.0125
3 0.54375 0.61484375 0.015625 0.01328125
3 0.41015625 0.825 0.015625 0.015625
0 0.57421875 0.83984375 0.140625 0.0828125
0 0.8234375 0.79765625 0.09140625 0.0890625
0 0.875 0.55234375 0.18828125 0.15625
0 0.46328125 0.55546875 0.03125 0.10625
0 0.25 0.75546875 0.08984375 0.06484375
2 0.24375 0.871875 0.04375 0.03359375
2 0.5296875 0.73125 0.04140625 0.03515625
2 0.81640625 0.8703125 0.046875 0.03046875
1 0.35234375 0.67421875 0.05859375 0.03515625
1 0.6625 0.6890625 0.05546875 0.0421875
1 0.5875 0.490625 0.0515625 0.034375
2 0.78203125 0.40234375 0.04921875 0.03984375